0 CRYOSAT 2
1 36508U 10013A   18001.19543497  .00000066  00000-0  15638-4 0  9998
2 36508  92.0285 250.1554 0008992  41.3357 318.8529 14.52173522409891
0 CRYOSAT 2
1 36508U 10013A   18001.26434209 +.00000066 +00000-0 +15564-4 0  9994
2 36508 092.0285 250.1721 0008986 041.1418 319.0466 14.52173526409927
0 CRYOSAT 2
1 36508U 10013A   18001.60887766 +.00000070 +00000-0 +16514-4 0  9993
2 36508 092.0284 250.2557 0008948 040.1625 320.0242 14.52173584409974
0 CRYOSAT 2
1 36508U 10013A   18001.95341320 +.00000067 +00000-0 +15744-4 0  9992
2 36508 092.0284 250.3392 0008906 039.2063 320.9787 14.52173615410027
0 CRYOSAT 2
1 36508U 10013A   18002.50467006  .00000063  00000-0  14820-4 0  9994
2 36508  92.0284 250.4728 0008846  37.6451 322.5374 14.52173681410086
0 CRYOSAT 2
1 36508U 10013A   18002.57357716 +.00000061 +00000-0 +14369-4 0  9993
2 36508 092.0284 250.4895 0008839 037.4448 322.7374 14.52173689410111
0 CRYOSAT 2
1 36508U 10013A   18002.91811267 +.00000054 +00000-0 +12586-4 0  9998
2 36508 092.0284 250.5731 0008800 036.4765 323.7040 14.52173708410168
0 CRYOSAT 2
1 36508U 10013A   18003.53827657  .00000050  00000-0  11547-4 0  9999
2 36508  92.0283 250.7234 0008728  34.6988 325.4787 14.52173771410238
0 CRYOSAT 2
1 36508U 10013A   18003.60718366 +.00000048 +00000-0 +11134-4 0  9992
2 36508 092.0283 250.7401 0008719 034.5010 325.6762 14.52173779410265
0 CRYOSAT 2
1 36508U 10013A   18003.95171915 +.00000040 +00000-0 +89992-5 0  9993
2 36508 092.0283 250.8237 0008679 033.5263 326.6492 14.52173783410319
0 CRYOSAT 2
1 36508U 10013A   18004.57188299 +.00000031 +00000-0 +67923-5 0  9995
2 36508 092.0282 250.9740 0008608 031.7280 328.4445 14.52173827410406
0 CRYOSAT 2
1 36508U 10013A   18004.84751134  .00000024  00000-0  52535-5 0  9994
2 36508  92.0282 251.0408 0008573  30.9358 329.2353 14.52173835410425
0 CRYOSAT 2
1 36508U 10013A   18004.91641844 +.00000023 +00000-0 +49047-5 0  9991
2 36508 092.0282 251.0575 0008563 030.7406 329.4302 14.52173833410458
0 CRYOSAT 2
1 36508U 10013A   18005.60548933 +.00000016 +00000-0 +32022-5 0  9990
2 36508 092.0281 251.2246 0008478 028.7108 331.4565 14.52173879410550
0 CRYOSAT 2
1 36508U 10013A   18005.95002477 +.00000009 +00000-0 +14003-5 0  9997
2 36508 092.0281 251.3081 0008432 027.7230 332.4426 14.52173871410608
0 CRYOSAT 2
1 36508U 10013A   18006.15674602  .00000008  00000-0  13317-5 0  9991
2 36508  92.0281 251.3582 0008402  27.1235 333.0410 14.52173903410617
0 CRYOSAT 2
1 36508U 10013A   18006.91472400 -.00000011 +00000-0 -35447-5 0  9991
2 36508 092.0280 251.5420 0008307 024.8854 335.2752 14.52173861410744
0 CRYOSAT 2
1 36508U 10013A   18007.19035234 -.00000014  00000-0 -41771-5 0  9992
2 36508  92.0279 251.6088 0008271  24.0665 336.0928 14.52173876410767
0 CRYOSAT 2
1 36508U 10013A   18007.25925943 -.00000015 +00000-0 -44203-5 0  9998
2 36508 092.0279 251.6255 0008263 023.8646 336.2942 14.52173868410792
0 CRYOSAT 2
1 36508U 10013A   18007.60379489 -.00000018 +00000-0 -52757-5 0  9991
2 36508 092.0279 251.7090 0008217 022.8338 337.3234 14.52173863410843
0 CRYOSAT 2
1 36508U 10013A   18007.94833034 -.00000023 +00000-0 -65384-5 0  9995
2 36508 092.0278 251.7925 0008170 021.8088 338.3465 14.52173842410897
0 CRYOSAT 2
1 36508U 10013A   18008.49958707 -.00000027  00000-0 -73230-5 0  9994
2 36508  92.0277 251.9261 0008099  20.1424 340.0102 14.52173830410959
0 CRYOSAT 2
1 36508U 10013A   18008.56849416 -.00000027 +00000-0 -74039-5 0  9996
2 36508 092.0277 251.9428 0008089 019.9272 340.2250 14.52173835410984
0 CRYOSAT 2
1 36508U 10013A   18008.91302962 -.00000032 +00000-0 -85814-5 0  9994
2 36508 092.0277 252.0264 0008043 018.8969 341.2535 14.52173808411039
0 CRYOSAT 2
1 36508U 10013A   18009.60210058 -.00000033 +00000-0 -88320-5 0  9991
2 36508 092.0276 252.1934 0007948 016.7728 343.3741 14.52173791411130
0 CRYOSAT 2
1 36508U 10013A   18009.80882187 -.00000035  00000-0 -94889-5 0  9990
2 36508  92.0276 252.2435 0007920  16.1404 344.0054 14.52173771411146
0 CRYOSAT 2
1 36508U 10013A   18009.94663608 -.00000037 +00000-0 -98325-5 0  9991
2 36508 092.0276 252.2769 0007900 015.7346 344.4106 14.52173750411187
0 CRYOSAT 2
1 36508U 10013A   18010.63570709 -.00000035 +00000-0 -93167-5 0  9995
2 36508 092.0275 252.4439 0007810 013.5920 346.5496 14.52173731411281
0 CRYOSAT 2
1 36508U 10013A   18010.84242839 -.00000035  00000-0 -94478-5 0  9994
2 36508  92.0275 252.4940 0007780  12.9590 347.1816 14.52173707411297
0 CRYOSAT 2
1 36508U 10013A   18010.91133550 -.00000035 +00000-0 -93849-5 0  9992
2 36508 092.0275 252.5107 0007771 012.7514 347.3888 14.52173699411322
0 CRYOSAT 2
1 36508U 10013A   18011.60040658 -.00000031 +00000-0 -84670-5 0  9993
2 36508 092.0274 252.6777 0007672 010.5822 349.5545 14.52173671411428
0 CRYOSAT 2
1 36508U 10013A   18011.94494212 -.00000030 +00000-0 -80878-5 0  9994
2 36508 092.0274 252.7612 0007623 009.4970 350.6380 14.52173642411477
0 CRYOSAT 2
1 36508U 10013A   18012.56510612 -.00000019 +00000-0 -55203-5 0  9997
2 36508 092.0273 252.9114 0007539 007.5255 352.6064 14.52173638411562
0 CRYOSAT 2
1 36508U 10013A   18012.90964169 -.00000016 +00000-0 -46499-5 0  9999
2 36508 092.0273 252.9949 0007489 006.4260 353.7042 14.52173622411613
0 CRYOSAT 2
1 36508U 10013A   18013.18527014 -.00000013  00000-0 -40647-5 0  9990
2 36508  92.0273 253.0617 0007452   5.5430 354.5859 14.52173625411636
0 CRYOSAT 2
1 36508U 10013A   18013.59871286 -.00000010 +00000-0 -32796-5 0  9991
2 36508 092.0272 253.1619 0007394 004.1842 355.9425 14.52173600411711
0 CRYOSAT 2
1 36508U 10013A   18013.94324844 -.00000006 +00000-0 -21852-5 0  9999
2 36508 092.0272 253.2454 0007345 003.0550 357.0701 14.52173586411767
0 CRYOSAT 2
1 36508U 10013A   18014.56341248 +.00000005 +00000-0 +42208-6 0  9991
2 36508 092.0271 253.3957 0007261 000.9971 359.1250 14.52173612411857
0 CRYOSAT 2
1 36508U 10013A   18014.90794808 +.00000010 +00000-0 +17836-5 0  9997
2 36508 092.0271 253.4791 0007212 359.8632 000.2572 14.52173608411902
0 CRYOSAT 2
1 36508U 10013A   18015.52811215  .00000021  00000-0  43263-5 0  9993
2 36508  92.0270 253.6294 0007125 357.7601   2.3573 14.52173624411976
0 CRYOSAT 2
1 36508U 10013A   18015.94155487 +.00000023 +00000-0 +50152-5 0  9998
2 36508 092.0270 253.7296 0007065 356.3459 003.7696 14.52173622412057
0 CRYOSAT 2
1 36508U 10013A   18016.83734740  .00000034  00000-0  76353-5 0  9995
2 36508  92.0269 253.9466 0006939 353.2866   6.8247 14.52173671412165
0 CRYOSAT 2
1 36508U 10013A   18016.90625452 +.00000035 +00000-0 +79836-5 0  9992
2 36508 092.0269 253.9633 0006928 353.0486 007.0624 14.52173674412193
0 CRYOSAT 2
1 36508U 10013A   18017.52641858 +.00000049 +00000-0 +11272-4 0  9993
2 36508 092.0268 254.1135 0006842 350.8608 009.2474 14.52173736412284
0 CRYOSAT 2
1 36508U 10013A   18017.93986127 +.00000053 +00000-0 +12334-4 0  9994
2 36508 092.0267 254.2137 0006783 349.4030 010.7033 14.52173766412341
0 CRYOSAT 2
1 36508U 10013A   18018.62893240 +.00000058 +00000-0 +13490-4 0  9993
2 36508 092.0266 254.3806 0006690 346.9354 013.1679 14.52173844412443
0 CRYOSAT 2
1 36508U 10013A   18018.90456084 +.00000063 +00000-0 +14809-4 0  9996
2 36508 092.0266 254.4474 0006648 345.9268 014.1753 14.52173871412489
0 CRYOSAT 2
1 36508U 10013A   18019.18018928  .00000070  00000-0  16442-4 0  9991
2 36508  92.0266 254.5142 0006612 344.9218  15.1791 14.52173927412505
0 CRYOSAT 2
1 36508U 10013A   18019.93816745 +.00000078 +00000-0 +18434-4 0  9998
2 36508 092.0265 254.6978 0006509 342.0854 018.0122 14.52174024412635
0 CRYOSAT 2
1 36508U 10013A   18020.21379584  .00000081  00000-0  19306-4 0  9999
2 36508  92.0264 254.7645 0006471 341.0332  19.0633 14.52174085412651
0 CRYOSAT 2
1 36508U 10013A   18020.62723846 +.00000079 +00000-0 +18681-4 0  9990
2 36508 092.0264 254.8647 0006416 339.4576 020.6372 14.52174134412736
0 CRYOSAT 2
1 36508U 10013A   18020.90286687 +.00000080 +00000-0 +18936-4 0  9993
2 36508 092.0264 254.9314 0006375 338.4048 021.6890 14.52174152412775
0 CRYOSAT 2
1 36508U 10013A   18021.52303076  .00000085  00000-0  20266-4 0  9998
2 36508  92.0263 255.0817 0006296 336.0093  24.0820 14.52174255412842
0 CRYOSAT 2
1 36508U 10013A   18021.59193785 +.00000085 +00000-0 +20320-4 0  9990
2 36508 092.0263 255.0983 0006288 335.7366 024.3544 14.52174275412877
0 CRYOSAT 2
1 36508U 10013A   18021.93647330 +.00000089 +00000-0 +21207-4 0  9997
2 36508 092.0263 255.1818 0006243 334.3651 025.7246 14.52174336412926
0 CRYOSAT 2
1 36508U 10013A   18022.62554421 +.00000085 +00000-0 +20276-4 0  9993
2 36508 092.0262 255.3487 0006156 331.6174 028.4697 14.52174441413021
0 CRYOSAT 2
1 36508U 10013A   18022.90117258 +.00000083 +00000-0 +19857-4 0  9998
2 36508 092.0262 255.4155 0006120 330.5063 029.5799 14.52174459413068
0 CRYOSAT 2
1 36508U 10013A   18023.59024344 +.00000086 +00000-0 +20557-4 0  9999
2 36508 092.0261 255.5824 0006040 327.6867 032.3969 14.52174590413169
0 CRYOSAT 2
1 36508U 10013A   18023.72805759  .00000088  00000-0  20995-4 0  9999
2 36508  92.0261 255.6158 0006025 327.1110  32.9722 14.52174624413160
0 CRYOSAT 2
1 36508U 10013A   18023.93477885 +.00000088 +00000-0 +21003-4 0  9998
2 36508 092.0261 255.6658 0005998 326.2601 033.8224 14.52174645413214
0 CRYOSAT 2
1 36508U 10013A   18024.62384967 +.00000089 +00000-0 +21142-4 0  9998
2 36508 092.0260 255.8327 0005918 323.3924 036.6878 14.52174768413319
0 CRYOSAT 2
1 36508U 10013A   18024.83057090  .00000088  00000-0  21109-4 0  9997
2 36508  92.0260 255.8828 0005893 322.5184  37.5612 14.52174790413328
0 CRYOSAT 2
1 36508U 10013A   18024.89947798 +.00000090 +00000-0 +21537-4 0  9994
2 36508 092.0260 255.8995 0005885 322.2162 037.8631 14.52174806413352
0 CRYOSAT 2
1 36508U 10013A   18025.58854873 +.00000089 +00000-0 +21258-4 0  9990
2 36508 092.0259 256.0663 0005815 319.2310 040.8461 14.52174941413455
0 CRYOSAT 2
1 36508U 10013A   18025.86417701  .00000090  00000-0  21556-4 0  9999
2 36508  92.0260 256.1331 0005784 318.0282  42.0481 14.52174984413475
0 CRYOSAT 2
1 36508U 10013A   18026.62215478 +.00000091 +00000-0 +21659-4 0  9996
2 36508 092.0259 256.3167 0005708 314.7176 045.3566 14.52175128413609
0 CRYOSAT 2
1 36508U 10013A   18026.89778307 +.00000088 +00000-0 +20907-4 0  9991
2 36508 092.0259 256.3834 0005678 313.4823 046.5912 14.52175146413643
0 CRYOSAT 2
1 36508U 10013A   18027.17341133  .00000088  00000-0  21011-4 0  9993
2 36508  92.0259 256.4502 0005653 312.2468  47.8260 14.52175207413661
0 CRYOSAT 2
1 36508U 10013A   18027.58685372 +.00000085 +00000-0 +20338-4 0  9992
2 36508 092.0258 256.5503 0005616 310.3926 049.6790 14.52175273413749
0 CRYOSAT 2
1 36508U 10013A   18027.93138904 +.00000081 +00000-0 +19218-4 0  9996
2 36508 092.0258 256.6337 0005583 308.8525 051.2184 14.52175304413791
0 CRYOSAT 2
1 36508U 10013A   18028.20701727  .00000079  00000-0  18694-4 0  9990
2 36508  92.0258 256.7005 0005559 307.5708  52.4994 14.52175354413816
0 CRYOSAT 2
1 36508U 10013A   18028.62045963 +.00000084 +00000-0 +20090-4 0  9998
2 36508 092.0257 256.8006 0005523 305.6386 054.4307 14.52175434413896
0 CRYOSAT 2
1 36508U 10013A   18028.89608788 +.00000082 +00000-0 +19605-4 0  9995
2 36508 092.0257 256.8673 0005498 304.3650 055.7037 14.52175457413931
0 CRYOSAT 2
1 36508U 10013A   18029.51625138  .00000076  00000-0  18059-4 0  9998
2 36508  92.0257 257.0175 0005454 301.4588  58.6086 14.52175549414008
0 CRYOSAT 2
1 36508U 10013A   18029.58515843 +.00000075 +00000-0 +17745-4 0  9996
2 36508 092.0257 257.0342 0005449 301.1325 058.9347 14.52175563414036
0 CRYOSAT 2
1 36508U 10013A   18029.92969371 +.00000066 +00000-0 +15563-4 0  9999
2 36508 092.0257 257.1176 0005422 299.5227 060.5439 14.52175575414083
0 CRYOSAT 2
1 36508U 10013A   18030.54985718  .00000065  00000-0  15388-4 0  9996
2 36508  92.0256 257.2678 0005383 296.5522  63.5133 14.52175669414157
0 CRYOSAT 2
1 36508U 10013A   18030.89439244 +.00000061 +00000-0 +14381-4 0  9990
2 36508 092.0256 257.3512 0005358 294.8725 065.1925 14.52175696414228
0 CRYOSAT 2
1 36508U 10013A   18031.58346293 +.00000052 +00000-0 +12154-4 0  9994
2 36508 092.0255 257.5180 0005321 291.5639 068.5001 14.52175778414322
0 CRYOSAT 2
1 36508U 10013A   18031.85909113  .00000046  00000-0  10734-4 0  9995
2 36508  92.0255 257.5847 0005304 290.2363  69.8274 14.52175785414349
