0 NAVSTAR 50 (USA 156)
1 26690U 01004A   18001.18811083 +.00000030 +00000-0 +00000-0 0  9991
2 26690 053.0773 149.5539 0185337 259.1043 209.8853 02.00566016123992
0 NAVSTAR 50 (USA 156)
1 26690U 01004A   18001.51581177  .00000027  00000-0  00000+0 0  9991
2 26690  53.0774 149.5401 0185351 259.1090  86.5028  2.00566011123998
0 NAVSTAR 50 (USA 156)
1 26690U 01004A   18001.51581177  .00000027  00000-0  00000+0 0  9991
2 26690  53.0774 149.5401 0185351 259.1090  86.5028  2.00566011123998
0 NAVSTAR 50 (USA 156)
1 26690U 01004A   18001.60956203 +.00000026 +00000-0 +00000-0 0  9997
2 26690 053.0774 149.5362 0185359 259.1100 154.1959 02.00566008124008
0 NAVSTAR 50 (USA 156)
1 26690U 01004A   18002.53114060  .00000022  00000-0  00000+0 0  9992
2 26690  53.0777 149.4977 0185392 259.1229  99.6247  2.00565991124015
0 NAVSTAR 50 (USA 156)
1 26690U 01004A   18002.63270890 +.00000021 +00000-0 +00000-0 0  9997
2 26690 053.0777 149.4934 0185399 259.1241 172.9626 02.00565987124021
0 NAVSTAR 50 (USA 156)
1 26690U 01004A   18003.52956603  .00000021  00000-0  00000+0 0  9998
2 26690  53.0779 149.4559 0185439 259.1364 100.5413  2.00565973124034
0 NAVSTAR 50 (USA 156)
1 26690U 01004A   18003.52956603 +.00000021 +00000-0 +00000-0 0  9999
2 26690 053.0779 149.4559 0185439 259.1364 100.5413 02.00565973124045
0 NAVSTAR 50 (USA 156)
1 26690U 01004A   18003.87320581 +.00000022 +00000-0 +00000-0 0  9998
2 26690 053.0780 149.4416 0185456 259.1418 348.6669 02.00565967124049
0 NAVSTAR 50 (USA 156)
1 26690U 01004A   18004.52337691  .00000025  00000-0  00000+0 0  9993
2 26690  53.0782 149.4144 0185489 259.1504  98.1253  2.00565960124051
0 NAVSTAR 50 (USA 156)
1 26690U 01004A   18004.65809990 +.00000025 +00000-0 +00000-0 0  9994
2 26690 053.0782 149.4088 0185498 259.1523 195.4025 02.00565956124063
0 NAVSTAR 50 (USA 156)
1 26690U 01004A   18005.52779413  .00000030  00000-0  00000+0 0  9992
2 26690  53.0784 149.3724 0185540 259.1644 103.3678  2.00565950124070
0 NAVSTAR 50 (USA 156)
1 26690U 01004A   18005.90150090 +.00000032 +00000-0 +00000-0 0  9991
2 26690 053.0785 149.3568 0185558 259.1696 013.2039 02.00565948124081
0 NAVSTAR 50 (USA 156)
1 26690U 01004A   18006.52143834  .00000035  00000-0  00000+0 0  9990
2 26690  53.0786 149.3308 0185589 259.1780 100.8318  2.00565945124093
0 NAVSTAR 50 (USA 156)
1 26690U 01004A   18006.63204852 +.00000035 +00000-0 +00000-0 0  9991
2 26690 053.0786 149.3262 0185594 259.1796 180.6982 02.00565943124108
0 NAVSTAR 50 (USA 156)
1 26690U 01004A   18007.18822463 +.00000037 +00000-0 +00000-0 0  9998
2 26690 053.0788 149.3030 0185625 259.1877 222.2864 02.00565939124116
0 NAVSTAR 50 (USA 156)
1 26690U 01004A   18007.48489059  .00000037  00000-0  00000+0 0  9990
2 26690  53.0788 149.2905 0185638 259.1920  76.4947  2.00565943124115
0 NAVSTAR 50 (USA 156)
1 26690U 01004A   18007.86283551 +.00000037 +00000-0 +00000-0 0  9992
2 26690 053.0789 149.2747 0185658 259.1975 349.3907 02.00565941124129
0 NAVSTAR 50 (USA 156)
1 26690U 01004A   18008.51306953  .00000035  00000-0  00000+0 0  9994
2 26690  53.0790 149.2475 0185694 259.2067  98.8940  2.00565942124137
0 NAVSTAR 50 (USA 156)
1 26690U 01004A   18008.56683529 +.00000035 +00000-0 +00000-0 0  9997
2 26690 053.0790 149.2453 0185697 259.2073 137.7159 02.00565941124148
0 NAVSTAR 50 (USA 156)
1 26690U 01004A   18008.86885497 +.00000033 +00000-0 +00000-0 0  9996
2 26690 053.0791 149.2327 0185711 259.2118 355.7898 02.00565942124149
0 NAVSTAR 50 (USA 156)
1 26690U 01004A   18009.51160351  .00000029  00000-0  00000+0 0  9998
2 26690  53.0792 149.2058 0185741 259.2208  99.8882  2.00565941124153
0 NAVSTAR 50 (USA 156)
1 26690U 01004A   18009.88583530 +.00000026 +00000-0 +00000-0 0  9994
2 26690 053.0793 149.1901 0185761 259.2260 010.1033 02.00565939124162
0 NAVSTAR 50 (USA 156)
1 26690U 01004A   18010.54859876  .00000019  00000-0  00000+0 0  9999
2 26690  53.0794 149.1625 0185791 259.2347 128.6541  2.00565934124170
0 NAVSTAR 50 (USA 156)
1 26690U 01004A   18010.60270321 +.00000018 +00000-0 +00000-0 0  9998
2 26690 053.0794 149.1602 0185795 259.2353 167.7205 02.00565934124188
0 NAVSTAR 50 (USA 156)
1 26690U 01004A   18011.50092539  .00000009  00000-0  00000+0 0  9990
2 26690  53.0796 149.1226 0185837 259.2473  96.2849  2.00565930124199
0 NAVSTAR 50 (USA 156)
1 26690U 01004A   18011.61393855 +.00000007 +00000-0 +00000-0 0  9996
2 26690 053.0796 149.1179 0185844 259.2484 177.8868 02.00565927124201
0 NAVSTAR 50 (USA 156)
1 26690U 01004A   18011.65918918 +.00000007 +00000-0 +00000-0 0  9993
2 26690 053.0796 149.1160 0185846 259.2489 210.5603 02.00565927124200
0 NAVSTAR 50 (USA 156)
1 26690U 01004A   18012.53467126 -.00000002  00000-0  00000+0 0  9996
2 26690  53.0798 149.0794 0185887 259.2604 122.7052  2.00565922124216
0 NAVSTAR 50 (USA 156)
1 26690U 01004A   18012.85560375 -.00000005 +00000-0 +00000-0 0  9995
2 26690 053.0799 149.0660 0185906 259.2644 354.4358 02.00565919124225
0 NAVSTAR 50 (USA 156)
1 26690U 01004A   18013.48982628 -.00000009  00000-0  00000+0 0  9997
2 26690  53.0800 149.0395 0185937 259.2725  92.3786  2.00565914124236
0 NAVSTAR 50 (USA 156)
1 26690U 01004A   18013.61476789 -.00000010 +00000-0 +00000-0 0  9991
2 26690 053.0800 149.0343 0185944 259.2735 182.5938 02.00565911124247
0 NAVSTAR 50 (USA 156)
1 26690U 01004A   18013.86971399 -.00000011 +00000-0 +00000-0 0  9996
2 26690 053.0801 149.0237 0185959 259.2775 006.6778 02.00565910124247
0 NAVSTAR 50 (USA 156)
1 26690U 01004A   18014.43871623 -.00000013  00000-0  00000+0 0  9990
2 26690  53.0802 148.9999 0185989 259.2852  57.5276  2.00565903124251
0 NAVSTAR 50 (USA 156)
1 26690U 01004A   18014.58134959 -.00000013 +00000-0 +00000-0 0  9991
2 26690 053.0802 148.9940 0185997 259.2863 160.5172 02.00565900124266
0 NAVSTAR 50 (USA 156)
1 26690U 01004A   18015.47177631 -.00000012  00000-0  00000+0 0  9992
2 26690  53.0803 148.9568 0186041 259.2991  83.4518  2.00565889124270
0 NAVSTAR 50 (USA 156)
1 26690U 01004A   18015.89809896 -.00000011 +00000-0 +00000-0 0  9993
2 26690 053.0804 148.9390 0186067 259.3053 031.2787 02.00565881124284
0 NAVSTAR 50 (USA 156)
1 26690U 01004A   18016.60821333 -.00000007  00000-0  00000+0 0  9997
2 26690  53.0805 148.9093 0186110 259.3153 184.0185  2.00565863124295
0 NAVSTAR 50 (USA 156)
1 26690U 01004A   18016.90972365 -.00000004 +00000-0 +00000-0 0  9990
2 26690 053.0806 148.8967 0186127 259.3210 041.7232 02.00565858124305
0 NAVSTAR 50 (USA 156)
1 26690U 01004A   18017.54366616  .00000001  00000-0  00000+0 0  9992
2 26690  53.0807 148.8702 0186160 259.3298 139.4629  2.00565839124311
0 NAVSTAR 50 (USA 156)
1 26690U 01004A   18017.62839598 +.00000002 +00000-0 +00000-0 0  9997
2 26690 053.0807 148.8667 0186167 259.3305 200.6427 02.00565835124321
0 NAVSTAR 50 (USA 156)
1 26690U 01004A   18018.43922021  .00000010  00000-0  00000+0 0  9999
2 26690  53.0808 148.8328 0186206 259.3438  66.0981  2.00565812124332
0 NAVSTAR 50 (USA 156)
1 26690U 01004A   18018.64145892 +.00000012 +00000-0 +00000-0 0  9998
2 26690 053.0809 148.8244 0186220 259.3454 212.1263 02.00565803124342
0 NAVSTAR 50 (USA 156)
1 26690U 01004A   18018.87328332 +.00000014 +00000-0 +00000-0 0  9997
2 26690 053.0809 148.8147 0186230 259.3503 019.5139 02.00565798124344
0 NAVSTAR 50 (USA 156)
1 26690U 01004A   18019.51221708  .00000020  00000-0  00000+0 0  9994
2 26690  53.0810 148.7880 0186259 259.3589 120.8577  2.00565774124351
0 NAVSTAR 50 (USA 156)
1 26690U 01004A   18019.57537236 +.00000020 +00000-0 +00000-0 0  9997
2 26690 053.0810 148.7854 0186265 259.3595 166.4595 02.00565771124360
0 NAVSTAR 50 (USA 156)
1 26690U 01004A   18020.54513389  .00000029  00000-0  00000+0 0  9997
2 26690  53.0812 148.7448 0186316 259.3741 146.6767  2.00565735124373
0 NAVSTAR 50 (USA 156)
1 26690U 01004A   18020.89469632 +.00000031 +00000-0 +00000-0 0  9990
2 26690 053.0813 148.7302 0186335 259.3806 039.0772 02.00565723124385
0 NAVSTAR 50 (USA 156)
1 26690U 01004A   18021.55850476  .00000034  00000-0  00000+0 0  9996
2 26690  53.0814 148.7025 0186365 259.3885 158.3829  2.00565695124395
0 NAVSTAR 50 (USA 156)
1 26690U 01004A   18021.67345288 +.00000035 +00000-0 +00000-0 0  9991
2 26690 053.0815 148.6977 0186377 259.3908 241.3807 02.00565690124406
0 NAVSTAR 50 (USA 156)
1 26690U 01004A   18022.47304948  .00000037  00000-0  00000+0 0  9999
2 26690  53.0816 148.6643 0186414 259.4038  98.7290  2.00565658124419
0 NAVSTAR 50 (USA 156)
1 26690U 01004A   18022.55150990 +.00000037 +00000-0 +00000-0 0  9995
2 26690 053.0816 148.6610 0186420 259.4043 155.3821 02.00565654124423
0 NAVSTAR 50 (USA 156)
1 26690U 01004A   18022.85303287 +.00000037 +00000-0 +00000-0 0  9997
2 26690 053.0816 148.6484 0186439 259.4109 013.0949 02.00565643124424
0 NAVSTAR 50 (USA 156)
1 26690U 01004A   18023.52071012  .00000035  00000-0  00000+0 0  9997
2 26690  53.0818 148.6205 0186476 259.4204 135.1923  2.00565614124431
0 NAVSTAR 50 (USA 156)
1 26690U 01004A   18023.56417559 +.00000035 +00000-0 +00000-0 0  9992
2 26690 053.0818 148.6186 0186481 259.4209 166.5767 02.00565612124443
0 NAVSTAR 50 (USA 156)
1 26690U 01004A   18024.42138541  .00000030  00000-0  00000+0 0  9993
2 26690  53.0819 148.5828 0186528 259.4365  65.5228  2.00565578124453
0 NAVSTAR 50 (USA 156)
1 26690U 01004A   18024.57884142 +.00000029 +00000-0 +00000-0 0  9993
2 26690 053.0819 148.5762 0186540 259.4382 179.2147 02.00565569124467
0 NAVSTAR 50 (USA 156)
1 26690U 01004A   18024.87747590 +.00000026 +00000-0 +00000-0 0  9998
2 26690 053.0820 148.5637 0186555 259.4445 034.8421 02.00565560124468
0 NAVSTAR 50 (USA 156)
1 26690U 01004A   18025.45068561  .00000021  00000-0  00000+0 0  9991
2 26690  53.0821 148.5397 0186586 259.4534  88.7282  2.00565539124475
0 NAVSTAR 50 (USA 156)
1 26690U 01004A   18025.52194462 +.00000020 +00000-0 +00000-0 0  9999
2 26690 053.0821 148.5367 0186592 259.4541 140.1811 02.00565535124485
0 NAVSTAR 50 (USA 156)
1 26690U 01004A   18025.59597892 +.00000019 +00000-0 +00000-0 0  9998
2 26690 053.0821 148.5337 0186599 259.4555 193.6374 02.00565532124488
0 NAVSTAR 50 (USA 156)
1 26690U 01004A   18026.55151796  .00000008  00000-0  00000+0 0  9991
2 26690  53.0823 148.4937 0186649 259.4717 163.5829  2.00565499124495
0 NAVSTAR 50 (USA 156)
1 26690U 01004A   18026.90257326 +.00000004 +00000-0 +00000-0 0  9993
2 26690 053.0823 148.4790 0186665 259.4784 057.0611 02.00565490124503
0 NAVSTAR 50 (USA 156)
1 26690U 01004A   18027.43891972 -.00000002  00000-0  00000+0 0  9991
2 26690  53.0824 148.4565 0186691 259.4872  84.3296  2.00565476124518
0 NAVSTAR 50 (USA 156)
1 26690U 01004A   18027.55527497 -.00000004 +00000-0 +00000-0 0  9995
2 26690 053.0824 148.4517 0186699 259.4887 168.3442 02.00565471124521
0 NAVSTAR 50 (USA 156)
1 26690U 01004A   18027.84958035 -.00000007 +00000-0 +00000-0 0  9996
2 26690 053.0825 148.4394 0186710 259.4946 020.8460 02.00565465124520
0 NAVSTAR 50 (USA 156)
1 26690U 01004A   18028.49534723 -.00000013  00000-0  00000+0 0  9998
2 26690  53.0826 148.4124 0186742 259.5043 127.1222  2.00565447124534
0 NAVSTAR 50 (USA 156)
1 26690U 01004A   18028.86643468 -.00000016 +00000-0 +00000-0 0  9990
2 26690 053.0827 148.3968 0186758 259.5109 035.0649 02.00565440124544
0 NAVSTAR 50 (USA 156)
1 26690U 01004A   18029.57071590 -.00000019  00000-0  00000+0 0  9992
2 26690  53.0828 148.3674 0186796 259.5215 183.5915  2.00565425124558
0 NAVSTAR 50 (USA 156)
1 26690U 01004A   18030.48554257 -.00000020  00000-0  00000+0 0  9992
2 26690  53.0830 148.3291 0186844 259.5360 124.1414  2.00565410124572
0 NAVSTAR 50 (USA 156)
1 26690U 01004A   18030.59533753 -.00000020 +00000-0 +00000-0 0  9993
2 26690 053.0830 148.3245 0186853 259.5381 203.4184 02.00565407124586
0 NAVSTAR 50 (USA 156)
1 26690U 01004A   18031.47304052 -.00000018  00000-0  00000+0 0  9995
2 26690  53.0832 148.2878 0186900 259.5522 117.1630  2.00565397124595
0 NAVSTAR 50 (USA 156)
1 26690U 01004A   18031.53585823 -.00000017 +00000-0 +00000-0 0  9999
2 26690 053.0832 148.2852 0186905 259.5532 162.5204 02.00565395124604
