0 ISS (ZARYA)
1 25544U 98067A   18001.22334058  .00001183  00000-0  25022-4 0  9995
2 25544  51.6402 131.0728 0002858 322.0999 105.9604 15.54237829 92551
0 ISS (ZARYA)
1 25544U 98067A   18001.55000006  .00001296  00000-0  26711-4 0  9995
2 25544  51.6401 129.4440 0002865 323.8849 133.1357 15.54239687 92601
0 ISS (ZARYA)
1 25544U 98067A   18001.55000006  .00001296  00000-0  26711-4 0  9995
2 25544  51.6401 129.4440 0002865 323.8849 133.1357 15.54239687 92601
0 ISS (ZARYA)
1 25544U 98067A   18001.75131705  .00001436  00000-0  28824-4 0  9991
2 25544  51.6403 128.4410 0002839 325.3914 178.8004 15.54241164 92631
0 ISS (ZARYA)
1 25544U 98067A   18001.81168808  .00001471  00000-0  29338-4 0  9992
2 25544  51.6402 128.1399 0002841 325.7688 156.4397 15.54241562 92648
0 ISS (ZARYA)
1 25544U 98067A   18001.88026404  .00001481  00000-0  29491-4 0  9995
2 25544  51.6403 127.7979 0002851 326.1035 180.0606 15.54241874 92653
0 ISS (ZARYA)
1 25544U 98067A   18002.18718051  .00001504  00000-0  29838-4 0  9996
2 25544  51.6403 126.2670 0002852 327.3741  97.2114 15.54243243 92704
0 ISS (ZARYA)
1 25544U 98067A   18002.27528979  .00001602  00000-0  31316-4 0  9997
2 25544  51.6406 125.8275 0002843 328.0292 229.8822 15.54244236 92715
0 ISS (ZARYA)
1 25544U 98067A   18002.58429889  .00001672  00000-0  32360-4 0  9998
2 25544  51.6402 124.2873 0002852 328.8006 159.2519 15.54245902 92764
0 ISS (ZARYA)
1 25544U 98067A   18002.58429889  .00001672  00000-0  32360-4 0  9998
2 25544  51.6402 124.2873 0002852 328.8006 159.2519 15.54245902 92764
0 ISS (ZARYA)
1 25544U 98067A   18002.64937503  .00001733  00000-0  33272-4 0  9993
2 25544  51.6404 123.9633 0002828 329.6971 162.7178 15.54246569 92770
0 ISS (ZARYA)
1 25544U 98067A   18002.84410182  .00002091  00000-0  38650-4 0  9997
2 25544  51.6407 122.9928 0002785 330.7213 171.9720 15.54248954 92802
0 ISS (ZARYA)
1 25544U 98067A   18002.84410182  .00002094  00000-0  38703-4 0  9999
2 25544  51.6407 122.9928 0002791 330.7255 171.9678 15.54248967 92801
0 ISS (ZARYA)
1 25544U 98067A   18003.07500000  .00002129  00000-0  39222-4 0  9990
2 25544  51.6407 121.8414 0002779 331.4288  24.0662 15.54250329 92838
0 ISS (ZARYA)
1 25544U 98067A   18003.33967802  .00002118  00000-0  39058-4 0  9991
2 25544  51.6407 120.5216 0002811 332.6625  64.7680 15.54251643 92885
0 ISS (ZARYA)
1 25544U 98067A   18003.41048067  .00002082  00000-0  38524-4 0  9990
2 25544  51.6407 120.1684 0002800 332.9362 100.9190 15.54251816 92891
0 ISS (ZARYA)
1 25544U 98067A   18003.62538194  .00002101  00000-0  38805-4 0  9992
2 25544  51.6406 119.0967 0002853 333.1689 223.9209 15.54252798 92925
0 ISS (ZARYA)
1 25544U 98067A   18003.62538194  .00002101  00000-0  38805-4 0  9992
2 25544  51.6406 119.0967 0002853 333.1689 223.9209 15.54252798 92925
0 ISS (ZARYA)
1 25544U 98067A   18003.80114203  .00002109  00000-0  38925-4 0  9994
2 25544  51.6408 118.2208 0002870 334.1045 127.0693 15.54253729 92951
0 ISS (ZARYA)
1 25544U 98067A   18004.10386574  .00001914  00000-0  35985-4 0  9996
2 25544  51.6418 116.7135 0002926 334.5981  21.5290 15.54254416 92998
0 ISS (ZARYA)
1 25544U 98067A   18004.18126832  .00001938  00000-0  36346-4 0  9991
2 25544  51.6418 116.3274 0002928 334.9064  94.6005 15.54254933 93019
0 ISS (ZARYA)
1 25544U 98067A   18004.26815998  .00001949  00000-0  36515-4 0  9998
2 25544  51.6419 115.8940 0002928 335.3035 220.7129 15.54255456 93028
0 ISS (ZARYA)
1 25544U 98067A   18004.44116380  .00001811  00000-0  34437-4 0  9996
2 25544  51.6422 115.0313 0002906 335.9464 108.7219 15.54255678 93050
0 ISS (ZARYA)
1 25544U 98067A   18004.44116380  .00001811  00000-0  34437-4 0  9996
2 25544  51.6422 115.0313 0002906 335.9464 108.7219 15.54255678 93050
0 ISS (ZARYA)
1 25544U 98067A   18004.57587252  .00001779  00000-0  33963-4 0  9996
2 25544  51.6423 114.3593 0002925 336.2020 142.7035 15.54256054 93071
0 ISS (ZARYA)
1 25544U 98067A   18004.76891477  .00001832  00000-0  34754-4 0  9993
2 25544  51.6426 113.3971 0002902 337.4384 142.3185 15.54257264 93104
0 ISS (ZARYA)
1 25544U 98067A   18004.83745632  .00001822  00000-0  34611-4 0  9993
2 25544  51.6426 113.0552 0002914 337.7068 165.8166 15.54257546 93114
0 ISS (ZARYA)
1 25544U 98067A   18005.14575093  .00001807  00000-0  34381-4 0  9997
2 25544  51.6427 111.5178 0002936 339.0505  90.6260 15.54258875 93168
0 ISS (ZARYA)
1 25544U 98067A   18005.26862508  .00001830  00000-0  34722-4 0  9995
2 25544  51.6427 110.9050 0002924 339.4736  58.1817 15.54259604 93187
0 ISS (ZARYA)
1 25544U 98067A   18005.47236321  .00001626  00000-0  31654-4 0  9990
2 25544  51.6427 109.8894 0002907 341.1310 117.2584 15.54259414 93210
0 ISS (ZARYA)
1 25544U 98067A   18005.61807870  .00001696  00000-0  32709-4 0  9998
2 25544  51.6427 109.1630 0002905 342.0212 212.2372 15.54260400 93230
0 ISS (ZARYA)
1 25544U 98067A   18005.61807870  .00001696  00000-0  32709-4 0  9998
2 25544  51.6427 109.1630 0002905 342.0212 212.2372 15.54260400 93230
0 ISS (ZARYA)
1 25544U 98067A   18005.67290984  .00001704  00000-0  32827-4 0  9997
2 25544  51.6430 108.8903 0002882 342.3011 158.9591 15.54260693 93241
0 ISS (ZARYA)
1 25544U 98067A   18005.80196633  .00001706  00000-0  32851-4 0  9997
2 25544  51.6430 108.2463 0002910 342.6928 161.1617 15.54261302 93263
0 ISS (ZARYA)
1 25544U 98067A   18006.03218750  .00001681  00000-0  32485-4 0  9993
2 25544  51.6430 107.0982 0002938 344.0249   8.8492 15.54262171 93294
0 ISS (ZARYA)
1 25544U 98067A   18006.29920941  .00001743  00000-0  33413-4 0  9994
2 25544  51.6428 105.7667 0003079 344.6325  63.3146 15.54263857 93344
0 ISS (ZARYA)
1 25544U 98067A   18006.51552083  .00001609  00000-0  31392-4 0  9992
2 25544  51.6431 104.6875 0002965 345.6533 193.4312 15.54263913 93378
0 ISS (ZARYA)
1 25544U 98067A   18006.51552083  .00001609  00000-0  31392-4 0  9992
2 25544  51.6431 104.6875 0002965 345.6533 193.4312 15.54263913 93378
0 ISS (ZARYA)
1 25544U 98067A   18006.63733444  .00001680  00000-0  32466-4 0  9999
2 25544  51.6432 104.0804 0003013 346.2133 154.9128 15.54264700 93397
0 ISS (ZARYA)
1 25544U 98067A   18006.76543392  .00001624  00000-0  31622-4 0  9995
2 25544  51.6432 103.4417 0003024 346.4603 151.9021 15.54264992 93411
0 ISS (ZARYA)
1 25544U 98067A   18006.99408565  .00001603  00000-0  31305-4 0  9997
2 25544  51.6434 102.3015 0003021 347.1226 351.4756 15.54265863 93444
0 ISS (ZARYA)
1 25544U 98067A   18007.07280569  .00001574  00000-0  30878-4 0  9990
2 25544  51.6433 101.9090 0003009 347.9009  71.4550 15.54265991 93469
0 ISS (ZARYA)
1 25544U 98067A   18007.33424258  .00001588  00000-0  31080-4 0  9995
2 25544  51.6429 100.6049 0003015 348.0878  95.0743 15.54267329 93505
0 ISS (ZARYA)
1 25544U 98067A   18007.54888889  .00001569  00000-0  30791-4 0  9999
2 25544  51.6433  99.5350 0003081 349.4517 215.5271 15.54267880 93539
0 ISS (ZARYA)
1 25544U 98067A   18007.54888889  .00001569  00000-0  30791-4 0  9999
2 25544  51.6433  99.5350 0003081 349.4517 215.5271 15.54267880 93539
0 ISS (ZARYA)
1 25544U 98067A   18007.60155662  .00001588  00000-0  31082-4 0  9997
2 25544  51.6432  99.2723 0003089 349.7444 150.1252 15.54268179 93545
0 ISS (ZARYA)
1 25544U 98067A   18007.78652838  .00001551  00000-0  30532-4 0  9992
2 25544  51.6430  98.3499 0003158 349.6458 105.8948 15.54268840 93571
0 ISS (ZARYA)
1 25544U 98067A   18007.96115741  .00001542  00000-0  30383-4 0  9993
2 25544  51.6430  97.4790 0003173 350.5134   2.7885 15.54269486 93598
0 ISS (ZARYA)
1 25544U 98067A   18008.25830354  .00001584  00000-0  31022-4 0  9997
2 25544  51.6429  95.9975 0003188 351.7698 225.2800 15.54271089 93645
0 ISS (ZARYA)
1 25544U 98067A   18008.29516252  .00001521  00000-0  30072-4 0  9994
2 25544  51.6425  95.8146 0003157 351.7539  71.6709 15.54270870 93659
0 ISS (ZARYA)
1 25544U 98067A   18008.50023071  .00001526  00000-0  30153-4 0  9995
2 25544  51.6424  94.7915 0003176 353.1402 138.4792 15.54271703 93689
0 ISS (ZARYA)
1 25544U 98067A   18008.50023071  .00001526  00000-0  30153-4 0  9995
2 25544  51.6424  94.7915 0003176 353.1402 138.4792 15.54271703 93689
0 ISS (ZARYA)
1 25544U 98067A   18008.62394841  .00001631  00000-0  31726-4 0  9998
2 25544  51.6424  94.1745 0003213 354.0612 110.2657 15.54272651 93703
0 ISS (ZARYA)
1 25544U 98067A   18008.81681890 +.00001683 +00000-0 +32504-4 0  9994
2 25544 051.6424 093.2126 0003221 354.9795 109.2480 15.54273710093738
0 ISS (ZARYA)
1 25544U 98067A   18009.58750634 +.00001943 +00000-0 +36407-4 0  9997
2 25544 051.6421 089.3698 0003223 358.1887 101.2024 15.54278480093853
0 ISS (ZARYA)
1 25544U 98067A   18009.72532333 +.00001939 +00000-0 +36335-4 0  9992
2 25544 051.6422 088.6824 0003243 358.5906 152.4535 15.54279143093879
0 ISS (ZARYA)
1 25544U 98067A   18010.62518791 +.00002078 +00000-0 +38416-4 0  9992
2 25544 051.6420 084.1941 0003230 001.4635 148.0400 15.54284518094018
0 ISS (ZARYA)
1 25544U 98067A   18010.68703565 +.00005051 +00000-0 +83015-4 0  9992
2 25544 051.6423 083.8911 0003400 359.0210 136.7765 15.54290053094024
0 ISS (ZARYA)
1 25544U 98067A   18011.32691057 +.00003630 +00000-0 +61695-4 0  9997
2 25544 051.6422 080.6994 0003388 001.1513 117.4047 15.54293050094125
0 ISS (ZARYA)
1 25544U 98067A   18011.65344505 +.00003116 +00000-0 +53990-4 0  9994
2 25544 051.6426 079.0696 0003478 002.6590 144.2138 15.54293905094174
0 ISS (ZARYA)
1 25544U 98067A   18012.61152575 +.00002561 +00000-0 +45649-4 0  9990
2 25544 051.6428 074.2902 0003380 007.8679 103.4637 15.54298213094325
0 ISS (ZARYA)
1 25544U 98067A   18012.80420464 +.00002491 +00000-0 +44595-4 0  9997
2 25544 051.6431 073.3294 0003407 008.0126 102.1629 15.54299089094355
0 ISS (ZARYA)
1 25544U 98067A   18013.63875546 +.00002030 +00000-0 +37689-4 0  9999
2 25544 051.6429 069.1693 0003510 010.2617 092.7115 15.54301207094487
0 ISS (ZARYA)
1 25544U 98067A   18014.60559924 +.00001942 +00000-0 +36361-4 0  9993
2 25544 051.6433 064.3476 0003531 014.7907 101.7390 15.54305942094635
0 ISS (ZARYA)
1 25544U 98067A   18014.73214213 +.00001932 +00000-0 +36199-4 0  9994
2 25544 051.6432 063.7165 0003502 015.7107 089.3601 15.54306558094655
