0 CRYOSAT 2
1 36508U 10013A   17274.54896878 +.00000120 +00000-0 +28819-4 0  9998
2 36508 092.0220 227.9490 0007226 358.6839 001.4348 14.52180070396614
0 CRYOSAT 2
1 36508U 10013A   17274.82459598 +.00000121 +00000-0 +29199-4 0  9996
2 36508 092.0221 228.0156 0007188 357.7278 002.3896 14.52180150396651
0 CRYOSAT 2
1 36508U 10013A   17275.16912998  .00000118  00000-0  28383-4 0  9992
2 36508  92.0222 228.0989 0007130 356.5480   3.5677 14.52180211396686
0 CRYOSAT 2
1 36508U 10013A   17275.58257076 +.00000115 +00000-0 +27557-4 0  9996
2 36508 092.0222 228.1988 0007078 355.0947 005.0190 14.52180291396763
0 CRYOSAT 2
1 36508U 10013A   17275.92710472 +.00000109 +00000-0 +26135-4 0  9992
2 36508 092.0223 228.2821 0007028 353.8829 006.2291 14.52180366396815
0 CRYOSAT 2
1 36508U 10013A   17276.20273191  .00000109  00000-0  26107-4 0  9995
2 36508  92.0224 228.3487 0006987 352.9318   7.1789 14.52180411396836
0 CRYOSAT 2
1 36508U 10013A   17276.47835906 +.00000108 +00000-0 +25875-4 0  9992
2 36508 092.0224 228.4153 0006951 351.9452 008.1642 14.52180476396892
0 CRYOSAT 2
1 36508U 10013A   17276.89179976 +.00000104 +00000-0 +24919-4 0  9990
2 36508 092.0225 228.5153 0006892 350.4471 009.6604 14.52180569396957
0 CRYOSAT 2
1 36508U 10013A   17277.58086755  .00000100  00000-0  24011-4 0  9998
2 36508  92.0226 228.6818 0006794 347.9546  12.1498 14.52180703397032
0 CRYOSAT 2
1 36508U 10013A   17277.92540144 +.00000097 +00000-0 +23140-4 0  9990
2 36508 092.0227 228.7651 0006742 346.6999 013.4029 14.52180773397109
0 CRYOSAT 2
1 36508U 10013A   17278.89009829 +.00000094 +00000-0 +22505-4 0  9998
2 36508 092.0229 228.9983 0006556 343.1148 016.9840 14.52173343397241
0 CRYOSAT 2
1 36508U 10013A   17279.44135545  .00000041  00000-0  94454-5 0  9990
2 36508  92.0230 229.1316 0006499 341.0485  19.0479 14.52173237397304
0 CRYOSAT 2
1 36508U 10013A   17279.57916972 +.00000041 +00000-0 +94361-5 0  9992
2 36508 092.0230 229.1650 0006481 340.5255 019.5704 14.52173258397348
0 CRYOSAT 2
1 36508U 10013A   17279.92370540 +.00000040 +00000-0 +90466-5 0  9997
2 36508 092.0231 229.2483 0006434 339.1898 020.9047 14.52173296397392
0 CRYOSAT 2
1 36508U 10013A   17280.54386959  .00000038  00000-0  86355-5 0  9997
2 36508  92.0232 229.3982 0006352 336.7882  23.3038 14.52173370397461
0 CRYOSAT 2
1 36508U 10013A   17280.88840524 +.00000036 +00000-0 +80450-5 0  9995
2 36508 092.0233 229.4815 0006308 335.4174 024.6731 14.52173407397532
0 CRYOSAT 2
1 36508U 10013A   17281.57747647 +.00000075 +00000-0 +17773-4 0  9994
2 36508 092.0234 229.6482 0006214 332.6670 027.4210 14.52173587397634
0 CRYOSAT 2
1 36508U 10013A   17281.85310496  .00000071  00000-0  16718-4 0  9997
2 36508  92.0234 229.7148 0006180 331.5413  28.5456 14.52173631397655
0 CRYOSAT 2
1 36508U 10013A   17281.92201209 +.00000070 +00000-0 +16443-4 0  9990
2 36508 092.0235 229.7315 0006170 331.2566 028.8301 14.52173634397685
0 CRYOSAT 2
1 36508U 10013A   17282.61108333 +.00000065 +00000-0 +15321-4 0  9999
2 36508 092.0236 229.8981 0006083 328.4512 031.6330 14.52173706397783
0 CRYOSAT 2
1 36508U 10013A   17282.88671181  .00000057  00000-0  13453-4 0  9999
2 36508  92.0236 229.9648 0006051 327.3015  32.7817 14.52173733397800
0 CRYOSAT 2
1 36508U 10013A   17283.92031860 +.00000050 +00000-0 +11711-4 0  9997
2 36508 092.0239 230.2148 0005927 322.9259 037.1538 14.52173838397978
0 CRYOSAT 2
1 36508U 10013A   17284.19594709  .00000053  00000-0  12275-4 0  9992
2 36508  92.0239 230.2814 0005893 321.7343  38.3445 14.52173871397990
0 CRYOSAT 2
1 36508U 10013A   17284.60938978 +.00000050 +00000-0 +11509-4 0  9994
2 36508 092.0240 230.3815 0005850 319.9745 040.1031 14.52173909398076
0 CRYOSAT 2
1 36508U 10013A   17284.88501825 +.00000041 +00000-0 +94311-5 0  9994
2 36508 092.0240 230.4481 0005821 318.7808 041.2959 14.52173927398117
0 CRYOSAT 2
1 36508U 10013A   17285.36736810  .00000031  00000-0  69763-5 0  9994
2 36508  92.0241 230.5648 0005765 316.7116  43.3638 14.52173938398165
0 CRYOSAT 2
1 36508U 10013A   17285.57408944 +.00000036 +00000-0 +82378-5 0  9993
2 36508 092.0242 230.6148 0005743 315.8175 044.2574 14.52173961398214
0 CRYOSAT 2
1 36508U 10013A   17285.91862502 +.00000031 +00000-0 +69005-5 0  9992
2 36508 092.0242 230.6982 0005707 314.2857 045.7881 14.52173996398260
0 CRYOSAT 2
1 36508U 10013A   17286.53878910  .00000024  00000-0  51336-5 0  9991
2 36508  92.0243 230.8482 0005644 311.5439  48.5284 14.52174003398330
0 CRYOSAT 2
1 36508U 10013A   17286.88332468 +.00000015 +00000-0 +30768-5 0  9998
2 36508 092.0243 230.9315 0005612 309.9881 050.0833 14.52174020398408
0 CRYOSAT 2
1 36508U 10013A   17287.57239588 +.00000009 +00000-0 +15794-5 0  9999
2 36508 092.0245 231.0982 0005544 306.8551 053.2148 14.52174028398509
0 CRYOSAT 2
1 36508U 10013A   17287.64130301  .00000009  00000-0  14607-5 0  9992
2 36508  92.0245 231.1149 0005538 306.5331  53.5366 14.52174030398497
0 CRYOSAT 2
1 36508U 10013A   17288.60600273 -.00000003 +00000-0 -15191-5 0  9994
2 36508 092.0246 231.3483 0005457 302.0667 058.0010 14.52174024398651
0 CRYOSAT 2
1 36508U 10013A   17288.81272411 -.00000006  00000-0 -22171-5 0  9995
2 36508  92.0246 231.3983 0005439 301.1013  58.9660 14.52174034398663
0 CRYOSAT 2
1 36508U 10013A   17288.95053836 -.00000008 +00000-0 -27085-5 0  9999
2 36508 092.0246 231.4317 0005427 300.4491 059.6180 14.52174032398702
0 CRYOSAT 2
1 36508U 10013A   17289.57070255 -.00000016 +00000-0 -46647-5 0  9996
2 36508 092.0247 231.5817 0005376 297.5285 062.5376 14.52173995398795
0 CRYOSAT 2
1 36508U 10013A   17289.84633109 -.00000022  00000-0 -60586-5 0  9994
2 36508  92.0247 231.6484 0005359 296.2180  63.8476 14.52173992398812
0 CRYOSAT 2
1 36508U 10013A   17289.91523822 -.00000022 +00000-0 -62544-5 0  9998
2 36508 092.0248 231.6651 0005354 295.8823 064.1832 14.52173989398842
0 CRYOSAT 2
1 36508U 10013A   17290.60430960 -.00000021 +00000-0 -60065-5 0  9991
2 36508 092.0248 231.8318 0005309 292.5854 067.4792 14.52173959398941
0 CRYOSAT 2
1 36508U 10013A   17290.87993816 -.00000024 +00000-0 -67751-5 0  9996
2 36508 092.0249 231.8985 0005292 291.2639 068.8003 14.52173962398988
0 CRYOSAT 2
1 36508U 10013A   17291.15556675 -.00000024  00000-0 -67401-5 0  9998
2 36508  92.0249 231.9652 0005272 289.9139  70.1500 14.52173937399001
0 CRYOSAT 2
1 36508U 10013A   17291.56900964 -.00000026 +00000-0 -71211-5 0  9993
2 36508 092.0250 232.0653 0005252 287.9148 072.1486 14.52173906399081
0 CRYOSAT 2
1 36508U 10013A   17291.91354538 -.00000029 +00000-0 -80042-5 0  9997
2 36508 092.0250 232.1487 0005238 286.2189 073.8441 14.52173892399137
0 CRYOSAT 2
1 36508U 10013A   17292.18917401 -.00000027  00000-0 -72819-5 0  9992
2 36508  92.0251 232.2154 0005225 284.8353  75.2276 14.52173879399152
0 CRYOSAT 2
1 36508U 10013A   17292.60261693 -.00000019 +00000-0 -54619-5 0  9993
2 36508 092.0251 232.3155 0005208 282.8475 077.2150 14.52173876399237
0 CRYOSAT 2
1 36508U 10013A   17292.94715270 -.00000018 +00000-0 -50591-5 0  9999
2 36508 092.0252 232.3988 0005196 281.1655 078.8968 14.52173879399282
0 CRYOSAT 2
1 36508U 10013A   17293.49841001 -.00000008  00000-0 -26046-5 0  9999
2 36508  92.0253 232.5323 0005174 278.4573  81.6048 14.52173875399346
0 CRYOSAT 2
1 36508U 10013A   17293.56731719 -.00000008 +00000-0 -27016-5 0  9999
2 36508 092.0253 232.5489 0005171 278.0454 082.0167 14.52173856399379
0 CRYOSAT 2
1 36508U 10013A   17293.84294587 -.00000011 +00000-0 -34712-5 0  9992
2 36508 092.0253 232.6156 0005165 276.7824 083.2796 14.52173847399416
0 CRYOSAT 2
1 36508U 10013A   17294.60092470 +.00000006 +00000-0 +87148-6 0  9998
2 36508 092.0255 232.7991 0005148 272.9906 087.0712 14.52173864399527
0 CRYOSAT 2
1 36508U 10013A   17294.87655336  .00000010  00000-0  17614-5 0  9998
2 36508  92.0255 232.8658 0005145 271.6091  88.4527 14.52173886399541
0 CRYOSAT 2
1 36508U 10013A   17294.94546051 +.00000014 +00000-0 +26681-5 0  9997
2 36508 092.0255 232.8825 0005146 271.2552 088.8066 14.52173896399572
0 CRYOSAT 2
1 36508U 10013A   17295.56562508 +.00000025 +00000-0 +53572-5 0  9992
2 36508 092.0256 233.0326 0005141 268.1269 091.9350 14.52173896399668
0 CRYOSAT 2
1 36508U 10013A   17295.91016094 +.00000024 +00000-0 +51110-5 0  9990
2 36508 092.0257 233.1160 0005142 266.3909 093.6710 14.52173900399719
0 CRYOSAT 2
1 36508U 10013A   17296.18578965  .00000034  00000-0  76640-5 0  9996
2 36508  92.0257 233.1827 0005143 264.9766  95.0854 14.52173935399730
0 CRYOSAT 2
1 36508U 10013A   17296.59923268 +.00000041 +00000-0 +94425-5 0  9990
2 36508 092.0258 233.2828 0005143 262.9233 097.1389 14.52173961399814
0 CRYOSAT 2
1 36508U 10013A   17296.94376854 +.00000045 +00000-0 +10309-4 0  9994
2 36508 092.0258 233.3662 0005147 261.2155 098.8469 14.52173993399867
0 CRYOSAT 2
1 36508U 10013A   17297.49502594  .00000065  00000-0  15393-4 0  9997
2 36508  92.0259 233.4997 0005156 258.4556 101.6072 14.52174075399925
0 CRYOSAT 2
1 36508U 10013A   17297.56393310 +.00000071 +00000-0 +16857-4 0  9992
2 36508 092.0259 233.5164 0005157 258.1250 101.9379 14.52174099399953
0 CRYOSAT 2
1 36508U 10013A   17297.83956179 +.00000072 +00000-0 +17003-4 0  9995
2 36508 092.0259 233.5831 0005166 256.7559 103.3072 14.52174135399991
0 CRYOSAT 2
1 36508U 10013A   17298.52863349  .00000082  00000-0  19397-4 0  9997
2 36508  92.0260 233.7499 0005184 253.3365 106.7274 14.52174219400079
0 CRYOSAT 2
1 36508U 10013A   17298.94207649 +.00000080 +00000-0 +18973-4 0  9995
2 36508 092.0261 233.8500 0005199 251.3078 108.7565 14.52174264400153
0 CRYOSAT 2
1 36508U 10013A   17299.56224099 +.00000096 +00000-0 +23063-4 0  9995
2 36508 092.0262 234.0002 0005228 248.2825 111.7826 14.52174366400249
0 CRYOSAT 2
1 36508U 10013A   17299.63114816  .00000096  00000-0  23019-4 0  9999
2 36508  92.0262 234.0169 0005232 247.9463 112.1189 14.52174377400230
0 CRYOSAT 2
1 36508U 10013A   17299.70005532 +.00000097 +00000-0 +23158-4 0  9996
2 36508 092.0262 234.0335 0005236 247.6182 112.4470 14.52174395400263
0 CRYOSAT 2
1 36508U 10013A   17300.59584837 +.00000108 +00000-0 +25970-4 0  9993
2 36508 092.0263 234.2505 0005286 243.2847 116.7819 14.52174565400397
0 CRYOSAT 2
1 36508U 10013A   17300.80256984  .00000105  00000-0  25090-4 0  9996
2 36508  92.0263 234.3005 0005299 242.2957 117.7713 14.52174606400400
0 CRYOSAT 2
1 36508U 10013A   17300.94038414 +.00000102 +00000-0 +24513-4 0  9993
2 36508 092.0264 234.3339 0005307 241.6398 118.4275 14.52174617400440
0 CRYOSAT 2
1 36508U 10013A   17301.56054854 +.00000105 +00000-0 +25208-4 0  9993
2 36508 092.0265 234.4841 0005347 238.6848 121.3836 14.52174706400535
0 CRYOSAT 2
1 36508U 10013A   17301.83617713  .00000105  00000-0  25192-4 0  9994
2 36508  92.0265 234.5508 0005368 237.3905 122.6785 14.52174777400556
0 CRYOSAT 2
1 36508U 10013A   17301.90508427 +.00000106 +00000-0 +25422-4 0  9990
2 36508 092.0265 234.5675 0005374 237.0630 123.0061 14.52174789400588
0 CRYOSAT 2
1 36508U 10013A   17302.59415571 +.00000109 +00000-0 +26094-4 0  9992
2 36508 092.0266 234.7344 0005427 233.8415 126.2291 14.52174925400681
0 CRYOSAT 2
1 36508U 10013A   17302.86978428  .00000104  00000-0  24899-4 0  9993
2 36508  92.0266 234.8011 0005451 232.5688 127.5023 14.52174977400705
0 CRYOSAT 2
1 36508U 10013A   17302.93869142 +.00000104 +00000-0 +25060-4 0  9994
2 36508 092.0267 234.8178 0005457 232.2525 127.8188 14.52174989400734
0 CRYOSAT 2
1 36508U 10013A   17303.55885568 +.00000104 +00000-0 +25046-4 0  9997
2 36508 092.0268 234.9680 0005511 229.4099 130.6629 14.52175093400828
0 CRYOSAT 2
1 36508U 10013A   17303.83448422 +.00000099 +00000-0 +23614-4 0  9994
2 36508 092.0268 235.0348 0005537 228.1822 131.8913 14.52175153400869
0 CRYOSAT 2
1 36508U 10013A   17304.11011275  .00000097  00000-0  23093-4 0  9997
2 36508  92.0269 235.1016 0005568 226.8719 133.2023 14.52175195400883
0 CRYOSAT 2
1 36508U 10013A   17304.59246267 +.00000097 +00000-0 +23098-4 0  9995
2 36508 092.0269 235.2184 0005614 224.7983 135.2772 14.52175282400972
0 CRYOSAT 2
1 36508U 10013A   17304.79918405 +.00000094 +00000-0 +22350-4 0  9994
2 36508 092.0269 235.2685 0005634 223.9012 136.1748 14.52175328401003
0 CRYOSAT 2
1 36508U 10013A   17305.21262684  .00000094  00000-0  22534-4 0  9997
2 36508  92.0270 235.3686 0005680 222.0462 138.0310 14.52175397401043
0 CRYOSAT 2
1 36508U 10013A   17305.55716247 +.00000093 +00000-0 +22300-4 0  9993
2 36508 092.0271 235.4521 0005712 220.5493 139.5290 14.52175451401118
0 CRYOSAT 2
1 36508U 10013A   17305.90169809 +.00000086 +00000-0 +20392-4 0  9999
2 36508 092.0271 235.5356 0005750 219.0683 141.0110 14.52175509401169
0 CRYOSAT 2
1 36508U 10013A   17306.38404792  .00000088  00000-0  20969-4 0  9997
2 36508  92.0272 235.6524 0005805 217.0280 143.0528 14.52175614401218
0 CRYOSAT 2
1 36508U 10013A   17306.59076929 +.00000087 +00000-0 +20800-4 0  9990
2 36508 092.0272 235.7025 0005830 216.1494 143.9320 14.52175632401264
0 CRYOSAT 2
1 36508U 10013A   17306.93530488 +.00000084 +00000-0 +19990-4 0  9998
2 36508 092.0273 235.7860 0005871 214.6961 145.3865 14.52175694401313
0 CRYOSAT 2
1 36508U 10013A   17307.48656182  .00000086  00000-0  20614-4 0  9996
2 36508  92.0273 235.9195 0005935 212.3775 147.7069 14.52175793401373
0 CRYOSAT 2
1 36508U 10013A   17307.55546893 +.00000087 +00000-0 +20825-4 0  9996
2 36508 092.0273 235.9362 0005943 212.0926 147.9920 14.52175811401406
0 CRYOSAT 2
1 36508U 10013A   17307.83109739 +.00000078 +00000-0 +18638-4 0  9990
2 36508 092.0274 236.0030 0005978 210.9803 149.1053 14.52175845401442
0 CRYOSAT 2
1 36508U 10013A   17308.58907561 +.00000079 +00000-0 +18705-4 0  9998
2 36508 092.0275 236.1867 0006074 207.8881 152.2002 14.52175958401557
0 CRYOSAT 2
1 36508U 10013A   17308.86470406  .00000073  00000-0  17375-4 0  9998
2 36508  92.0275 236.2535 0006108 206.7490 153.3403 14.52175997401574
0 CRYOSAT 2
1 36508U 10013A   17308.93361117 +.00000075 +00000-0 +17683-4 0  9998
2 36508 092.0276 236.2702 0006119 206.4703 153.6193 14.52176007401603
0 CRYOSAT 2
1 36508U 10013A   17309.55377514 +.00000077 +00000-0 +18359-4 0  9998
2 36508 092.0276 236.4205 0006199 204.0174 156.0745 14.52176103401693
0 CRYOSAT 2
1 36508U 10013A   17309.89831066 +.00000064 +00000-0 +14965-4 0  9997
2 36508 092.0277 236.5039 0006245 202.6832 157.4100 14.52176121401743
0 CRYOSAT 2
1 36508U 10013A   17310.17393906  .00000067  00000-0  15863-4 0  9997
2 36508  92.0277 236.5707 0006289 201.5799 158.5144 14.52176171401760
0 CRYOSAT 2
1 36508U 10013A   17310.58738168 +.00000072 +00000-0 +17024-4 0  9992
2 36508 092.0278 236.6709 0006341 200.0249 160.0711 14.52176244401845
0 CRYOSAT 2
1 36508U 10013A   17310.93191719 +.00000058 +00000-0 +13461-4 0  9991
2 36508 092.0278 236.7544 0006389 198.6930 161.4043 14.52176238401895
0 CRYOSAT 2
1 36508U 10013A   17311.20754561  .00000054  00000-0  12480-4 0  9998
2 36508  92.0279 236.8212 0006430 197.6416 162.4569 14.52176261401917
0 CRYOSAT 2
1 36508U 10013A   17311.55208110 +.00000049 +00000-0 +11378-4 0  9999
2 36508 092.0279 236.9047 0006475 196.3559 163.7440 14.52176285401982
0 CRYOSAT 2
1 36508U 10013A   17311.89661659 +.00000038 +00000-0 +85971-5 0  9996
2 36508 092.0280 236.9882 0006525 195.0707 165.0307 14.52176299402037
0 CRYOSAT 2
1 36508U 10013A   17312.51678043  .00000052  00000-0  12148-4 0  9992
2 36508  92.0280 237.1385 0006608 192.7551 167.3490 14.52176434402108
0 CRYOSAT 2
1 36508U 10013A   17312.58568753 +.00000051 +00000-0 +11837-4 0  9998
2 36508 092.0280 237.1552 0006619 192.5024 167.6020 14.52176431402131
0 CRYOSAT 2
1 36508U 10013A   17312.93022297 +.00000053 +00000-0 +12247-4 0  9993
2 36508 092.0281 237.2387 0006669 191.2484 168.8575 14.52176497402185
0 CRYOSAT 2
1 36508U 10013A   17313.55038680 +.00000052 +00000-0 +11970-4 0  9996
2 36508 092.0282 237.3890 0006757 188.9966 171.1122 14.52176556402273
0 CRYOSAT 2
1 36508U 10013A   17313.89492225  .00000042  00000-0  96771-5 0  9994
2 36508  92.0282 237.4725 0006804 187.7505 172.3599 14.52176575402306
0 CRYOSAT 2
1 36508U 10013A   17314.58399322 +.00000026 +00000-0 +56896-5 0  9991
2 36508 092.0282 237.6395 0006902 185.2334 174.8803 14.52176562402427
0 CRYOSAT 2
1 36508U 10013A   17314.92852864 +.00000016 +00000-0 +32190-5 0  9994
2 36508 092.0283 237.7230 0006951 184.0715 176.0437 14.52176562402473
0 CRYOSAT 2
1 36508U 10013A   17315.13524993  .00000013  00000-0  24215-5 0  9993
2 36508  92.0283 237.7732 0006984 183.3315 176.7847 14.52176561402486
0 CRYOSAT 2
1 36508U 10013A   17315.61759959 +.00000007 +00000-0 +91883-6 0  9997
2 36508 092.0283 237.8901 0007049 181.6354 178.4831 14.52176559402571
0 CRYOSAT 2
1 36508U 10013A   17315.89322796 -.00000001 +00000-0 -11019-5 0  9990
2 36508 092.0283 237.9569 0007087 180.6580 179.4619 14.52176557402612
0 CRYOSAT 2
1 36508U 10013A   17316.16885637  .00000005  00000-0  38299-6 0  9991
2 36508  92.0284 238.0237 0007132 179.7168 180.4045 14.52176601402636
0 CRYOSAT 2
1 36508U 10013A   17316.58229892 -.00000012 +00000-0 -37840-5 0  9992
2 36508 092.0284 238.1239 0007189 178.3114 181.8119 14.52176526402719
0 CRYOSAT 2
1 36508U 10013A   17316.92683439 -.00000018 +00000-0 -51415-5 0  9991
2 36508 092.0284 238.2074 0007237 177.1560 182.9690 14.52176526402764
0 CRYOSAT 2
1 36508U 10013A   17317.20246279 -.00000020  00000-0 -57825-5 0  9994
2 36508  92.0284 238.2742 0007285 176.2329 183.8934 14.52176524402783
0 CRYOSAT 2
1 36508U 10013A   17317.61590539 -.00000025 +00000-0 -68651-5 0  9994
2 36508 092.0284 238.3745 0007342 174.8416 185.2868 14.52176492402867
0 CRYOSAT 2
1 36508U 10013A   17317.89153379 -.00000031 +00000-0 -82902-5 0  9993
2 36508 092.0284 238.4413 0007382 173.9072 186.2227 14.52176471402904
0 CRYOSAT 2
1 36508U 10013A   17318.51169774 -.00000032  00000-0 -86383-5 0  9997
2 36508  92.0285 238.5916 0007472 171.8525 188.2805 14.52176438402978
0 CRYOSAT 2
1 36508U 10013A   17318.58060485 -.00000031 +00000-0 -83062-5 0  9993
2 36508 092.0285 238.6083 0007483 171.6222 188.5111 14.52176442403001
0 CRYOSAT 2
1 36508U 10013A   17318.85623325 -.00000029 +00000-0 -79327-5 0  9997
2 36508 092.0285 238.6751 0007521 170.7445 189.3903 14.52176453403047
0 CRYOSAT 2
1 36508U 10013A   17319.54530437 -.00000026 +00000-0 -72336-5 0  9995
2 36508 092.0285 238.8422 0007620 168.4592 191.6792 14.52176414403141
0 CRYOSAT 2
1 36508U 10013A   17319.82093280 -.00000025  00000-0 -68940-5 0  9991
2 36508  92.0285 238.9090 0007659 167.5648 192.5750 14.52176420403160
0 CRYOSAT 2
1 36508U 10013A   17319.95874704 -.00000026 +00000-0 -70824-5 0  9998
2 36508 092.0286 238.9424 0007679 167.1035 193.0370 14.52176400403207
0 CRYOSAT 2
1 36508U 10013A   17320.57891109 -.00000021 +00000-0 -58972-5 0  9991
2 36508 092.0286 239.0927 0007767 165.1145 195.0293 14.52176367403292
0 CRYOSAT 2
1 36508U 10013A   17320.85453954 -.00000021  00000-0 -58767-5 0  9996
2 36508  92.0286 239.1596 0007799 164.2549 195.8902 14.52176370403310
0 CRYOSAT 2
1 36508U 10013A   17320.92344667 -.00000024 +00000-0 -67971-5 0  9994
2 36508 092.0286 239.1763 0007809 164.0340 196.1115 14.52176338403342
0 CRYOSAT 2
1 36508U 10013A   17321.54361071 -.00000006 +00000-0 -21189-5 0  9992
2 36508 092.0287 239.3266 0007899 162.0697 198.0790 14.52176369403439
0 CRYOSAT 2
1 36508U 10013A   17321.88814630 -.00000001 +00000-0 -95989-6 0  9998
2 36508 092.0287 239.4101 0007946 160.9799 199.1706 14.52176377403484
0 CRYOSAT 2
1 36508U 10013A   17322.16377478  .00000007  00000-0  99426-6 0  9998
2 36508  92.0287 239.4770 0007990 160.1314 200.0206 14.52176390403505
0 CRYOSAT 2
1 36508U 10013A   17322.57721750 +.00000010 +00000-0 +16852-5 0  9994
2 36508 092.0287 239.5772 0008043 158.8679 201.2863 14.52176374403588
0 CRYOSAT 2
1 36508U 10013A   17322.92175309 +.00000006 +00000-0 +82285-6 0  9995
2 36508 092.0288 239.6607 0008089 157.8129 202.3430 14.52176349403636
0 CRYOSAT 2
1 36508U 10013A   17323.19738159  .00000009  00000-0  13659-5 0  9994
2 36508  92.0288 239.7276 0008130 156.9732 203.1842 14.52176351403657
0 CRYOSAT 2
1 36508U 10013A   17323.61082430 +.00000021 +00000-0 +44770-5 0  9997
2 36508 092.0288 239.8278 0008185 155.6850 204.4745 14.52176388403732
0 CRYOSAT 2
1 36508U 10013A   17323.95535989 +.00000019 +00000-0 +39906-5 0  9998
2 36508 092.0289 239.9113 0008229 154.6237 205.5376 14.52176367403783
0 CRYOSAT 2
1 36508U 10013A   17324.50661684  .00000040  00000-0  90334-5 0  9998
2 36508  92.0289 240.0450 0008301 152.9632 207.2009 14.52176430403841
0 CRYOSAT 2
1 36508U 10013A   17324.57552396 +.00000041 +00000-0 +94329-5 0  9993
2 36508 092.0289 240.0617 0008310 152.7567 207.4078 14.52176439403871
0 CRYOSAT 2
1 36508U 10013A   17324.92005954 +.00000038 +00000-0 +85154-5 0  9997
2 36508 092.0289 240.1452 0008353 151.7284 208.4378 14.52176431403923
0 CRYOSAT 2
1 36508U 10013A   17325.81585197  .00000059  00000-0  13910-4 0  9991
2 36508  92.0290 240.3624 0008466 149.0329 211.1379 14.52176572404034
0 CRYOSAT 2
1 36508U 10013A   17325.95366621 +.00000058 +00000-0 +13537-4 0  9999
2 36508 092.0290 240.3959 0008485 148.6268 211.5447 14.52176553404076
0 CRYOSAT 2
1 36508U 10013A   17326.57383016 +.00000078 +00000-0 +18394-4 0  9993
2 36508 092.0290 240.5462 0008558 146.8109 213.3637 14.52176656404167
0 CRYOSAT 2
1 36508U 10013A   17326.84945856  .00000078  00000-0  18510-4 0  9999
2 36508  92.0290 240.6131 0008589 146.0063 214.1696 14.52176695404185
0 CRYOSAT 2
1 36508U 10013A   17326.91836565 +.00000079 +00000-0 +18630-4 0  9997
2 36508 092.0290 240.6298 0008597 145.8089 214.3673 14.52176700404211
0 CRYOSAT 2
1 36508U 10013A   17327.60743662 +.00000083 +00000-0 +19609-4 0  9991
2 36508 092.0290 240.7969 0008682 143.8101 216.3696 14.52176786404317
0 CRYOSAT 2
1 36508U 10013A   17327.95197208 +.00000081 +00000-0 +19334-4 0  9991
2 36508 092.0291 240.8804 0008722 142.8047 217.3766 14.52176826404369
0 CRYOSAT 2
1 36508U 10013A   17328.15869336  .00000085  00000-0  20313-4 0  9995
2 36508  92.0291 240.9305 0008749 142.2230 217.9593 14.52176865404371
0 CRYOSAT 2
1 36508U 10013A   17328.22760044 +.00000084 +00000-0 +19992-4 0  9999
2 36508 092.0291 240.9472 0008757 142.0311 218.1516 14.52176875404406
0 CRYOSAT 2
1 36508U 10013A   17328.57213587 +.00000094 +00000-0 +22537-4 0  9992
2 36508 092.0291 241.0308 0008797 141.0117 219.1726 14.52176937404451
0 CRYOSAT 2
1 36508U 10013A   17328.91667124 +.00000098 +00000-0 +23524-4 0  9991
2 36508 092.0291 241.1143 0008833 140.0438 220.1421 14.52177015404503
0 CRYOSAT 2
1 36508U 10013A   17329.19229953  .00000099  00000-0  23612-4 0  9995
2 36508  92.0291 241.1812 0008867 139.3261 220.8610 14.52177069404526
0 CRYOSAT 2
1 36508U 10013A   17329.95027729 +.00000094 +00000-0 +22414-4 0  9990
2 36508 092.0292 241.3649 0008949 137.1812 223.0094 14.52177179404653
0 CRYOSAT 2
1 36508U 10013A   17330.50153380  .00000101  00000-0  24079-4 0  9994
2 36508  92.0292 241.4986 0009009 135.6392 224.5539 14.52177283404715
0 CRYOSAT 2
1 36508U 10013A   17330.57044087 +.00000105 +00000-0 +25054-4 0  9992
2 36508 092.0292 241.5154 0009016 135.4490 224.7443 14.52177315404743
0 CRYOSAT 2
1 36508U 10013A   17330.91497613 +.00000100 +00000-0 +23880-4 0  9997
2 36508 092.0292 241.5989 0009049 134.4861 225.7088 14.52177373404791
0 CRYOSAT 2
1 36508U 10013A   17331.53513957  .00000103  00000-0  24762-4 0  9999
2 36508  92.0292 241.7493 0009111 132.7841 227.4134 14.52177506404869
0 CRYOSAT 2
1 36508U 10013A   17331.87967478 +.00000106 +00000-0 +25411-4 0  9992
2 36508 092.0292 241.8329 0009144 131.8378 228.3611 14.52177587404936
0 CRYOSAT 2
1 36508U 10013A   17332.84437330  .00000099  00000-0  23564-4 0  9997
2 36508  92.0293 242.0668 0009235 129.1922 231.0107 14.52177757405056
0 CRYOSAT 2
1 36508U 10013A   17332.91328033 +.00000095 +00000-0 +22599-4 0  9997
2 36508 092.0293 242.0836 0009242 129.0037 231.1995 14.52177745405083
0 CRYOSAT 2
1 36508U 10013A   17333.60235058 +.00000098 +00000-0 +23291-4 0  9991
2 36508 092.0293 242.2507 0009302 127.1461 233.0597 14.52177895405183
0 CRYOSAT 2
1 36508U 10013A   17333.94688569 +.00000089 +00000-0 +21083-4 0  9994
2 36508 092.0293 242.3342 0009332 126.2183 233.9888 14.52177917405238
0 CRYOSAT 2
1 36508U 10013A   17334.15360675  .00000089  00000-0  21150-4 0  9998
2 36508  92.0294 242.3844 0009352 125.6838 234.5241 14.52177959405245
0 CRYOSAT 2
1 36508U 10013A   17334.56704883 +.00000089 +00000-0 +21224-4 0  9998
2 36508 092.0293 242.4846 0009386 124.5579 235.6515 14.52178037405327
0 CRYOSAT 2
1 36508U 10013A   17334.70486284 +.00000087 +00000-0 +20634-4 0  9998
2 36508 092.0294 242.5181 0009393 124.1837 236.0263 14.52178071405347
0 CRYOSAT 2
1 36508U 10013A   17335.18721374  .00000085  00000-0  20226-4 0  9998
2 36508  92.0294 242.6351 0009437 123.0733 237.1382 14.52173783405393
0 CRYOSAT 2
1 36508U 10013A   17335.53174978 +.00000083 +00000-0 +19689-4 0  9998
2 36508 092.0294 242.7187 0009450 122.0780 238.1346 14.52173902405469
0 CRYOSAT 2
1 36508U 10013A   17335.94519299 +.00000091 +00000-0 +21759-4 0  9992
2 36508 092.0294 242.8189 0009482 120.9950 239.2190 14.52173956405528
0 CRYOSAT 2
1 36508U 10013A   17336.49645056  .00000057  00000-0  13252-4 0  9995
2 36508  92.0294 242.9527 0009520 119.5393 240.6765 14.52174025405581
0 CRYOSAT 2
1 36508U 10013A   17336.56535776 +.00000057 +00000-0 +13278-4 0  9998
2 36508 092.0294 242.9694 0009524 119.3632 240.8527 14.52174036405618
0 CRYOSAT 2
1 36508U 10013A   17336.90989371 +.00000054 +00000-0 +12525-4 0  9991
2 36508 092.0295 243.0529 0009547 118.4523 241.7647 14.52174070405668
0 CRYOSAT 2
1 36508U 10013A   17337.53005838  .00000051  00000-0  11809-4 0  9999
2 36508  92.0295 243.2034 0009588 116.8244 243.3945 14.52174143405736
0 CRYOSAT 2
1 36508U 10013A   17337.59896557 +.00000050 +00000-0 +11683-4 0  9990
2 36508 092.0295 243.2201 0009592 116.6380 243.5811 14.52174153405764
0 CRYOSAT 2
1 36508U 10013A   17337.94350148 +.00000070 +00000-0 +16405-4 0  9999
2 36508 092.0295 243.3036 0009619 115.6994 244.5208 14.52174240405815
0 CRYOSAT 2
1 36508U 10013A   17338.56366606 +.00000065 +00000-0 +15264-4 0  9990
2 36508 092.0295 243.4541 0009653 114.0942 246.1276 14.52174316405908
0 CRYOSAT 2
1 36508U 10013A   17338.83929473  .00000059  00000-0  13906-4 0  9991
2 36508  92.0296 243.5209 0009668 113.3636 246.8589 14.52174348405920
0 CRYOSAT 2
1 36508U 10013A   17338.90820191 +.00000056 +00000-0 +13117-4 0  9997
2 36508 092.0296 243.5376 0009673 113.1782 247.0445 14.52174342405952
0 CRYOSAT 2
1 36508U 10013A   17339.59727356 +.00000056 +00000-0 +12927-4 0  9990
2 36508 092.0296 243.7048 0009711 111.3940 248.8304 14.52174428406059
0 CRYOSAT 2
1 36508U 10013A   17339.87290220  .00000050  00000-0  11679-4 0  9993
2 36508  92.0296 243.7716 0009724 110.6727 249.5523 14.52174452406070
0 CRYOSAT 2
1 36508U 10013A   17339.94180936 +.00000049 +00000-0 +11219-4 0  9991
2 36508 092.0296 243.7884 0009729 110.4977 249.7275 14.52174452406106
0 CRYOSAT 2
1 36508U 10013A   17340.56197377 +.00000047 +00000-0 +10738-4 0  9991
2 36508 092.0296 243.9388 0009761 108.8809 251.3458 14.52174519406193
0 CRYOSAT 2
1 36508U 10013A   17340.90650955 +.00000035 +00000-0 +78411-5 0  9995
2 36508 092.0296 244.0223 0009783 107.9758 252.2517 14.52174517406240
0 CRYOSAT 2
1 36508U 10013A   17341.18213815  .00000033  00000-0  74130-5 0  9998
2 36508  92.0296 244.0892 0009796 107.2681 252.9599 14.52174554406264
0 CRYOSAT 2
1 36508U 10013A   17341.25104529 +.00000030 +00000-0 +67483-5 0  9997
2 36508 092.0296 244.1059 0009797 107.0785 253.1497 14.52174554406297
0 CRYOSAT 2
1 36508U 10013A   17341.52667389 +.00000032 +00000-0 +71680-5 0  9991
2 36508 092.0296 244.1728 0009810 106.3521 253.8765 14.52174570406334
0 CRYOSAT 2
1 36508U 10013A   17341.94011673 +.00000027 +00000-0 +58900-5 0  9990
2 36508 092.0296 244.2731 0009823 105.2809 254.9485 14.52174611406393
0 CRYOSAT 2
1 36508U 10013A   17342.28465243 +.00000020 +00000-0 +42415-5 0  9991
2 36508 092.0296 244.3566 0009835 104.4142 255.8158 14.52174632406440
0 CRYOSAT 2
1 36508U 10013A   17342.49137385  .00000023  00000-0  49747-5 0  9995
2 36508  92.0296 244.4068 0009844 103.8651 256.3652 14.52174645406456
0 CRYOSAT 2
1 36508U 10013A   17342.62918813 +.00000019 +00000-0 +39135-5 0  9998
2 36508 092.0296 244.4402 0009846 103.5081 256.7224 14.52174646406498
0 CRYOSAT 2
1 36508U 10013A   17342.90481669 +.00000007 +00000-0 +10496-5 0  9999
2 36508 092.0296 244.5070 0009856 102.7913 257.4396 14.52174631406533
0 CRYOSAT 2
1 36508U 10013A   17343.52498093  .00000001  00000-0 -60426-6 0  9991
2 36508  92.0295 244.6575 0009878 101.2011 259.0307 14.52174639406606
0 CRYOSAT 2
1 36508U 10013A   17343.59388807 -.00000001 +00000-0 -11005-5 0  9998
2 36508 092.0295 244.6742 0009880 101.0170 259.2149 14.52174638406637
0 CRYOSAT 2
1 36508U 10013A   17343.93842373 -.00000008 +00000-0 -28026-5 0  9997
2 36508 092.0295 244.7578 0009889 100.1327 260.0997 14.52174632406688
0 CRYOSAT 2
1 36508U 10013A   17344.62749511 -.00000017 +00000-0 -48747-5 0  9996
2 36508 092.0295 244.9249 0009911 098.3379 261.8952 14.52174621406785
0 CRYOSAT 2
1 36508U 10013A   17344.83421649 -.00000018  00000-0 -52807-5 0  9991
2 36508  92.0295 244.9751 0009917  97.8047 262.4287 14.52174623406796
0 CRYOSAT 2
1 36508U 10013A   17344.90312363 -.00000020 +00000-0 -57800-5 0  9992
2 36508 092.0295 244.9918 0009920 097.6393 262.5942 14.52174606406821
0 CRYOSAT 2
1 36508U 10013A   17345.59219499 -.00000023 +00000-0 -63299-5 0  9996
2 36508 092.0294 245.1589 0009935 095.8499 264.3841 14.52174602406925
0 CRYOSAT 2
1 36508U 10013A   17345.86782351 -.00000027  00000-0 -75381-5 0  9997
2 36508  92.0294 245.2258 0009938  95.1267 265.1074 14.52174589406941
0 CRYOSAT 2
1 36508U 10013A   17345.93673065 -.00000031 +00000-0 -84812-5 0  9990
2 36508 092.0294 245.2425 0009940 094.9549 265.2793 14.52174565406976
0 CRYOSAT 2
1 36508U 10013A   17346.55689486 -.00000028 +00000-0 -77611-5 0  9998
2 36508 092.0294 245.3929 0009951 093.3423 266.8923 14.52174557407066
0 CRYOSAT 2
1 36508U 10013A   17346.90143052 -.00000032 +00000-0 -87764-5 0  9996
2 36508 092.0294 245.4765 0009954 092.4600 267.7747 14.52174531407117
0 CRYOSAT 2
1 36508U 10013A   17347.17705907 -.00000036  00000-0 -96747-5 0  9994
2 36508  92.0294 245.5433 0009957  91.7581 268.4766 14.52174514407135
0 CRYOSAT 2
1 36508U 10013A   17347.59050188 -.00000027 +00000-0 -75255-5 0  9995
2 36508 092.0293 245.6436 0009962 090.6790 269.5559 14.52174512407213
0 CRYOSAT 2
1 36508U 10013A   17347.93503755 -.00000031 +00000-0 -84817-5 0  9995
2 36508 092.0294 245.7272 0009966 089.7840 270.4509 14.52174475407261
0 CRYOSAT 2
1 36508U 10013A   17348.41738750 -.00000027  00000-0 -75457-5 0  9999
2 36508  92.0293 245.8442 0009971  88.5362 271.6988 14.52174460407316
0 CRYOSAT 2
1 36508U 10013A   17348.62410888 -.00000024 +00000-0 -67318-5 0  9995
2 36508 092.0293 245.8943 0009967 088.0231 272.2117 14.52174466407369
0 CRYOSAT 2
1 36508U 10013A   17348.83083029 -.00000024 +00000-0 -67815-5 0  9993
2 36508 092.0293 245.9444 0009970 087.4958 272.7391 14.52174453407397
0 CRYOSAT 2
1 36508U 10013A   17349.51990165 -.00000018  00000-0 -52598-5 0  9992
2 36508  92.0293 246.1116 0009969  85.7359 274.4988 14.52174416407479
0 CRYOSAT 2
1 36508U 10013A   17349.58880879 -.00000018 +00000-0 -51647-5 0  9993
2 36508 092.0293 246.1283 0009968 085.5583 274.6762 14.52174418407508
0 CRYOSAT 2
1 36508U 10013A   17349.93334446 -.00000018 +00000-0 -51036-5 0  9998
2 36508 092.0293 246.2118 0009967 084.6645 275.5699 14.52174394407551
0 CRYOSAT 2
1 36508U 10013A   17350.62241579 -.00000001 +00000-0 -10296-5 0  9995
2 36508 092.0293 246.3790 0009964 082.8808 277.3532 14.52174418407650
0 CRYOSAT 2
1 36508U 10013A   17350.82913718  .00000001  00000-0 -51558-6 0  9994
2 36508  92.0293 246.4291 0009963  82.3565 277.8774 14.52174417407664
0 CRYOSAT 2
1 36508U 10013A   17350.89804432 -.00000002 +00000-0 -13035-5 0  9992
2 36508 092.0293 246.4458 0009964 082.1854 278.0484 14.52174392407695
0 CRYOSAT 2
1 36508U 10013A   17351.58711564 +.00000013 +00000-0 +23422-5 0  9993
2 36508 092.0292 246.6129 0009952 080.3871 279.8460 14.52174424407797
0 CRYOSAT 2
1 36508U 10013A   17351.86274414  .00000015  00000-0  29139-5 0  9995
2 36508  92.0292 246.6798 0009946  79.6679 280.5650 14.52174430407819
0 CRYOSAT 2
1 36508U 10013A   17351.93165128 +.00000013 +00000-0 +24326-5 0  9995
2 36508 092.0292 246.6965 0009947 079.4907 280.7420 14.52174413407849
0 CRYOSAT 2
1 36508U 10013A   17352.62072252 +.00000032 +00000-0 +72288-5 0  9998
2 36508 092.0292 246.8636 0009935 077.6937 282.5382 14.52174490407949
0 CRYOSAT 2
1 36508U 10013A   17352.89635099 +.00000037 +00000-0 +83833-5 0  9994
2 36508 092.0292 246.9305 0009929 076.9804 283.2512 14.52174509407989
0 CRYOSAT 2
1 36508U 10013A   17353.17197948  .00000044  00000-0  10110-4 0  9997
2 36508  92.0292 246.9973 0009919  76.2875 283.9436 14.52174543408004
0 CRYOSAT 2
1 36508U 10013A   17353.58542219 +.00000050 +00000-0 +11487-4 0  9992
2 36508 092.0291 247.0976 0009907 075.1876 285.0429 14.52174551408086
0 CRYOSAT 2
1 36508U 10013A   17353.92995776 +.00000048 +00000-0 +11065-4 0  9999
2 36508 092.0291 247.1812 0009897 074.2981 285.9317 14.52174558408139
0 CRYOSAT 2
1 36508U 10013A   17354.27449331 +.00000051 +00000-0 +11777-4 0  9993
2 36508 092.0291 247.2647 0009885 073.4034 286.8258 14.52174594408182
0 CRYOSAT 2
1 36508U 10013A   17354.48121464  .00000055  00000-0  12831-4 0  9996
2 36508  92.0291 247.3148 0009879  72.8688 287.3600 14.52174608408194
0 CRYOSAT 2
1 36508U 10013A   17354.61902887 +.00000053 +00000-0 +12318-4 0  9995
2 36508 092.0290 247.3483 0009873 072.5105 287.7181 14.52174616408232
0 CRYOSAT 2
1 36508U 10013A   17354.68793597 +.00000052 +00000-0 +12093-4 0  9997
2 36508 092.0290 247.3650 0009870 072.3168 287.9116 14.52174624408220
0 CRYOSAT 2
1 36508U 10013A   17355.79045217  .00000098  00000-0  23425-4 0  9990
2 36508  92.0290 247.6323 0009807  69.4551 290.7707 14.52171901408383
0 CRYOSAT 2
1 36508U 10013A   17355.92826663 +.00000099 +00000-0 +23650-4 0  9998
2 36508 092.0290 247.6657 0009802 069.1034 291.1222 14.52171905408427
0 CRYOSAT 2
1 36508U 10013A   17356.54843167 +.00000104 +00000-0 +24843-4 0  9997
2 36508 092.0289 247.8161 0009772 067.4659 292.7581 14.52172016408516
0 CRYOSAT 2
1 36508U 10013A   17356.82406054  .00000104  00000-0  24930-4 0  9995
2 36508  92.0289 247.8830 0009759  66.7406 293.4828 14.52172068408537
0 CRYOSAT 2
1 36508U 10013A   17356.89296776 +.00000105 +00000-0 +25133-4 0  9997
2 36508 092.0289 247.8997 0009755 066.5648 293.6584 14.52172076408566
0 CRYOSAT 2
1 36508U 10013A   17357.58203990 +.00000114 +00000-0 +27261-4 0  9994
2 36508 092.0288 248.0668 0009713 064.7502 295.4711 14.52172221408661
0 CRYOSAT 2
1 36508U 10013A   17357.85766876  .00000088  00000-0  20906-4 0  9990
2 36508  92.0288 248.1336 0009704  64.0063 296.2143 14.52172186408689
0 CRYOSAT 2
1 36508U 10013A   17357.92657599 +.00000085 +00000-0 +20304-4 0  9998
2 36508 092.0289 248.1503 0009702 063.8268 296.3936 14.52172180408717
0 CRYOSAT 2
1 36508U 10013A   17358.61564800 +.00000091 +00000-0 +21598-4 0  9990
2 36508 092.0288 248.3174 0009658 061.9967 298.2216 14.52172317408812
0 CRYOSAT 2
1 36508U 10013A   17358.89127678 +.00000092 +00000-0 +21874-4 0  9996
2 36508 092.0288 248.3843 0009642 061.2667 298.9508 14.52172359408859
0 CRYOSAT 2
1 36508U 10013A   17359.16690554  .00000099  00000-0  23576-4 0  9993
2 36508  92.0288 248.4511 0009619  60.5430 299.6736 14.52172442408872
0 CRYOSAT 2
1 36508U 10013A   17359.92488459 +.00000092 +00000-0 +21961-4 0  9995
2 36508 092.0288 248.6349 0009569 058.4881 301.7260 14.52172538409002
0 CRYOSAT 2
1 36508U 10013A   17360.20051330  .00000092  00000-0  21822-4 0  9998
2 36508  92.0287 248.7018 0009548  57.7585 302.4547 14.52172601409024
0 CRYOSAT 2
1 36508U 10013A   17360.61395637 +.00000092 +00000-0 +21861-4 0  9997
2 36508 092.0287 248.8020 0009519 056.6468 303.5649 14.52172666409109
0 CRYOSAT 2
1 36508U 10013A   17360.88958507 +.00000091 +00000-0 +21619-4 0  9997
2 36508 092.0287 248.8689 0009495 055.9315 304.2792 14.52172694409148
0 CRYOSAT 2
1 36508U 10013A   17361.44084239  .00000096  00000-0  23026-4 0  9991
2 36508  92.0287 249.0025 0009447  54.4512 305.7575 14.52172815409202
0 CRYOSAT 2
1 36508U 10013A   17361.57865672 +.00000094 +00000-0 +22379-4 0  9991
2 36508 092.0287 249.0360 0009439 054.0423 306.1658 14.52172836409246
0 CRYOSAT 2
1 36508U 10013A   17361.92319251 +.00000091 +00000-0 +21717-4 0  9999
2 36508 092.0287 249.1195 0009412 053.1067 307.1002 14.52172888409294
0 CRYOSAT 2
1 36508U 10013A   17362.54335691  .00000090  00000-0  21393-4 0  9993
2 36508  92.0286 249.2699 0009357  51.4159 308.7885 14.52172991409363
0 CRYOSAT 2
1 36508U 10013A   17362.88789268 +.00000083 +00000-0 +19812-4 0  9998
2 36508 092.0286 249.3534 0009325 050.5059 309.6971 14.52173016409439
0 CRYOSAT 2
1 36508U 10013A   17363.57696411 +.00000086 +00000-0 +20417-4 0  9998
2 36508 092.0286 249.5205 0009257 048.6011 311.5991 14.52173155409535
0 CRYOSAT 2
1 36508U 10013A   17363.85259265  .00000082  00000-0  19497-4 0  9993
2 36508  92.0286 249.5874 0009232  47.8227 312.3763 14.52173197409554
0 CRYOSAT 2
1 36508U 10013A   17363.92149980 +.00000079 +00000-0 +18733-4 0  9991
2 36508 092.0286 249.6041 0009226 047.6482 312.5506 14.52173192409580
0 CRYOSAT 2
1 36508U 10013A   17364.61057115 +.00000081 +00000-0 +19316-4 0  9997
2 36508 092.0285 249.7711 0009158 045.7511 314.4446 14.52173315409682
0 CRYOSAT 2
1 36508U 10013A   17364.95510679 +.00000080 +00000-0 +18881-4 0  9998
2 36508 092.0285 249.8547 0009122 044.8008 315.3934 14.52173355409734
