0 ENVISAT
1 27386U 02009A   17274.15742001 -.00000001  00000-0  13383-4 0  9992
2 27386  98.2204 314.9521 0001222  81.7523 278.3817 14.37904197816300
0 ENVISAT
1 27386U 02009A   17274.50535016  .00000003  00000-0  14747-4 0  9993
2 27386  98.2204 315.2851 0001230  81.5263 278.6069 14.37904282816350
0 ENVISAT
1 27386U 02009A   17274.85328060 -.00000011  00000-0  10069-4 0  9993
2 27386  98.2204 315.6178 0001220  82.9711 277.1608 14.37904130816409
0 ENVISAT
1 27386U 02009A   17275.20121095 -.00000009  00000-0  10604-4 0  9994
2 27386  98.2203 315.9508 0001196  83.6128 276.5196 14.37904205816453
0 ENVISAT
1 27386U 02009A   17275.54914142 -.00000004  00000-0  12370-4 0  9991
2 27386  98.2204 316.2838 0001194  83.5117 276.6214 14.37904283816503
0 ENVISAT
1 27386U 02009A   17275.82748571 -.00000020  00000-0  69864-5 0  9992
2 27386  98.2204 316.5499 0001198  84.1892 275.9420 14.37904105816548
0 ENVISAT
1 27386U 02009A   17276.17541631 -.00000012  00000-0  95927-5 0  9999
2 27386  98.2203 316.8828 0001205  83.9688 276.1640 14.37904207816590
0 ENVISAT
1 27386U 02009A   17276.38417452 -.00000007  00000-0  11428-4 0  9992
2 27386  98.2204 317.0825 0001194  83.9093 276.2237 14.37904273816628
0 ENVISAT
1 27386U 02009A   17276.52334658 -.00000004 +00000-0 +12474-4 0  9993
2 27386 098.2203 317.2157 0001207 084.5685 275.5646 14.37904330816648
0 ENVISAT
1 27386U 02009A   17276.80169095 -.00000023 +00000-0 +59517-5 0  9996
2 27386 098.2202 317.4821 0001210 085.3710 274.7608 14.37904135816685
0 ENVISAT
1 27386U 02009A   17277.49755164 -.00000004  00000-0  12352-4 0  9994
2 27386  98.2202 318.1480 0001205  82.9786 277.1540 14.37904392816782
0 ENVISAT
1 27386U 02009A   17277.49755164 -.00000004 +00000-0 +12352-4 0  9994
2 27386 098.2202 318.1480 0001205 082.9786 277.1540 14.37904392816782
0 ENVISAT
1 27386U 02009A   17277.84548192 -.00000009 +00000-0 +10806-4 0  9991
2 27386 098.2202 318.4808 0001218 084.5962 275.5358 14.37904363816830
0 ENVISAT
1 27386U 02009A   17278.88927285 -.00000006 +00000-0 +11663-4 0  9999
2 27386 098.2201 319.4795 0001217 084.5828 275.5489 14.37904475816980
0 ENVISAT
1 27386U 02009A   17279.37637523  .00000016  00000-0  19158-4 0  9994
2 27386  98.2200 319.9455 0001207  83.4630 276.6699 14.37904755817050
0 ENVISAT
1 27386U 02009A   17279.51554729  .00000019  00000-0  20018-4 0  9996
2 27386  98.2200 320.0787 0001217  83.5295 276.6037 14.37904812817072
0 ENVISAT
1 27386U 02009A   17279.86347757  .00000005  00000-0  15432-4 0  9994
2 27386  98.2199 320.4115 0001220  84.0668 276.0650 14.37904690817127
0 ENVISAT
1 27386U 02009A   17280.21140769  .00000021  00000-0  20536-4 0  9998
2 27386  98.2198 320.7447 0001202  84.7521 275.3808 14.37904914817173
0 ENVISAT
1 27386U 02009A   17280.48975181  .00000023  00000-0  21419-4 0  9994
2 27386  98.2198 321.0109 0001199  84.4079 275.7248 14.37904983817215
0 ENVISAT
1 27386U 02009A   17280.83768201  .00000008  00000-0  16447-4 0  9994
2 27386  98.2197 321.3438 0001215  84.7253 275.4061 14.37904863817260
0 ENVISAT
1 27386U 02009A   17281.18561227  .00000022  00000-0  21137-4 0  9990
2 27386  98.2196 321.6769 0001190  84.9963 275.1364 14.37905059817318
0 ENVISAT
1 27386U 02009A   17281.53354244  .00000025  00000-0  21978-4 0  9994
2 27386  98.2196 322.0098 0001199  84.5174 275.6156 14.37905140817367
0 ENVISAT
1 27386U 02009A   17281.88147262  .00000022  00000-0  21081-4 0  9994
2 27386  98.2195 322.3425 0001188  84.5460 275.5859 14.37905120817412
0 ENVISAT
1 27386U 02009A   17282.22940285  .00000026  00000-0  22271-4 0  9995
2 27386  98.2193 322.6754 0001175  84.7016 275.4312 14.37905228817460
0 ENVISAT
1 27386U 02009A   17282.50774686  .00000035  00000-0  25256-4 0  9992
2 27386  98.2193 322.9417 0001190  84.2844 275.8483 14.37905352817506
0 ENVISAT
1 27386U 02009A   17282.85567711  .00000013  00000-0  18120-4 0  9997
2 27386  98.2192 323.2743 0001189  85.0139 275.1169 14.37905138817556
0 ENVISAT
1 27386U 02009A   17283.20360761  .00000013  00000-0  17835-4 0  9995
2 27386  98.2191 323.6070 0001192  84.3309 275.8015 14.37905179817605
0 ENVISAT
1 27386U 02009A   17283.55153781  .00000013  00000-0  18156-4 0  9992
2 27386  98.2191 323.9399 0001203  84.7806 275.3524 14.37905238817652
0 ENVISAT
1 27386U 02009A   17283.82988205  .00000000  00000-0  13858-4 0  9999
2 27386  98.2190 324.2062 0001231  84.9868 275.1453 14.37905102817696
0 ENVISAT
1 27386U 02009A   17284.17781225  .00000008  00000-0  16499-4 0  9993
2 27386  98.2191 324.5392 0001217  84.8185 275.3144 14.37905229817746
0 ENVISAT
1 27386U 02009A   17284.52574240  .00000012  00000-0  17506-4 0  9994
2 27386  98.2190 324.8721 0001224  84.1913 275.9418 14.37905308817797
0 ENVISAT
1 27386U 02009A   17284.87367270 -.00000009  00000-0  10770-4 0  9998
2 27386  98.2189 325.2048 0001236  85.2985 274.8335 14.37905107817845
0 ENVISAT
1 27386U 02009A   17285.22160282 -.00000002  00000-0  13059-4 0  9998
2 27386  98.2189 325.5377 0001206  85.4946 274.6386 14.37905256817893
0 ENVISAT
1 27386U 02009A   17285.36077477  .00000001  00000-0  13897-4 0  9994
2 27386  98.2189 325.6708 0001204  85.3310 274.8017 14.37905291817919
0 ENVISAT
1 27386U 02009A   17285.49994681 +.00000009 +00000-0 +16748-4 0  9999
2 27386 098.2189 325.8039 0001209 084.8932 275.2400 14.37905393817933
0 ENVISAT
1 27386U 02009A   17285.70870479  .00000005  00000-0  15324-4 0  9996
2 27386  98.2188 326.0035 0001208  84.8663 275.2659 14.37905368817962
0 ENVISAT
1 27386U 02009A   17285.84787692 -.00000006  00000-0  11800-4 0  9992
2 27386  98.2188 326.1367 0001207  85.3557 274.7757 14.37905243817985
0 ENVISAT
1 27386U 02009A   17286.19580712 -.00000003  00000-0  12683-4 0  9992
2 27386  98.2186 326.4696 0001200  85.8909 274.2416 14.37905330818031
0 ENVISAT
1 27386U 02009A   17286.54373731 -.00000007  00000-0  11253-4 0  9998
2 27386  98.2186 326.8025 0001196  85.4226 274.7100 14.37905326818088
0 ENVISAT
1 27386U 02009A   17286.89166763 -.00000012  00000-0  98682-5 0  9999
2 27386  98.2186 327.1352 0001189  84.2487 275.8831 14.37905255818133
0 ENVISAT
1 27386U 02009A   17287.03083980 -.00000305  00000-0 -87347-4 0  9996
2 27386  98.2184 327.2688 0001374 108.1809 251.9556 14.37904279818150
0 ENVISAT
1 27386U 02009A   17287.37876904  .00000157  00000-0  65582-4 0  9999
2 27386  98.2187 327.6015 0001385 107.0380 253.0970 14.37905806818201
0 ENVISAT
1 27386U 02009A   17287.58752688 -.00000002 +00000-0 +13038-4 0  9993
2 27386 098.2183 327.8008 0001259 102.0089 258.1227 14.37905448818238
0 ENVISAT
1 27386U 02009A   17288.14421554  .00000432  00000-0  15672-3 0  9992
2 27386  98.2184 328.3341 0001251 100.0865 260.0487 14.37906641818312
0 ENVISAT
1 27386U 02009A   17288.49214493  .00000295  00000-0  11139-3 0  9993
2 27386  98.2184 328.6670 0001201  96.7753 263.3562 14.37906577818365
0 ENVISAT
1 27386U 02009A   17288.84007539 -.00000032  00000-0  31658-5 0  9993
2 27386  98.2185 328.9998 0001229  99.7390 260.3912 14.37905241818411
0 ENVISAT
1 27386U 02009A   17289.11842011 -.00000177  00000-0 -44986-4 0  9994
2 27386  98.2183 329.2661 0001221  98.3520 261.7813 14.37905071818452
0 ENVISAT
1 27386U 02009A   17289.46635030 -.00000206  00000-0 -54624-4 0  9996
2 27386  98.2185 329.5989 0001229  97.2414 262.8927 14.37905118818504
0 ENVISAT
1 27386U 02009A   17289.81428031 -.00000008  00000-0  10888-4 0  9999
2 27386  98.2184 329.9310 0001222  87.1574 272.9735 14.37905491818551
0 ENVISAT
1 27386U 02009A   17290.16221076 -.00000010  00000-0  10460-4 0  9998
2 27386  98.2183 330.2638 0001220  86.5165 273.6164 14.37905520818608
0 ENVISAT
1 27386U 02009A   17290.51014083 -.00000010  00000-0  10493-4 0  9991
2 27386  98.2183 330.5966 0001226  86.1767 273.9565 14.37905569818651
0 ENVISAT
1 27386U 02009A   17290.78848487 -.00000009  00000-0  10754-4 0  9991
2 27386  98.2183 330.8629 0001241  87.2178 272.9147 14.37905554818698
0 ENVISAT
1 27386U 02009A   17291.13641507 -.00000006  00000-0  11717-4 0  9992
2 27386  98.2182 331.1957 0001229  87.6391 272.4947 14.37905636818742
0 ENVISAT
1 27386U 02009A   17291.41475893 -.00000005  00000-0  12065-4 0  9992
2 27386  98.2182 331.4620 0001235  87.2303 272.9027 14.37905674818788
0 ENVISAT
1 27386U 02009A   17291.76268897 -.00000011  00000-0  10156-4 0  9990
2 27386  98.2182 331.7949 0001255  88.7784 271.3540 14.37905620818836
0 ENVISAT
1 27386U 02009A   17292.11061922 -.00000007  00000-0  11439-4 0  9990
2 27386  98.2182 332.1276 0001257  88.1183 272.0151 14.37905679818888
0 ENVISAT
1 27386U 02009A   17292.31937724 -.00000008  00000-0  11048-4 0  9991
2 27386  98.2182 332.3272 0001261  87.5016 272.6315 14.37905681818914
0 ENVISAT
1 27386U 02009A   17292.45854930 -.00000009 +00000-0 +10867-4 0  9992
2 27386 098.2182 332.4603 0001266 087.0130 273.1202 14.37905689818931
0 ENVISAT
1 27386U 02009A   17292.59772134 -.00000010  00000-0  10531-4 0  9992
2 27386  98.2183 332.5935 0001281  87.7577 272.3758 14.37905689818959
0 ENVISAT
1 27386U 02009A   17292.80647939 -.00000022  00000-0  65157-5 0  9998
2 27386  98.2183 332.7931 0001276  88.0340 272.0983 14.37905557818987
0 ENVISAT
1 27386U 02009A   17293.15440969 -.00000010  00000-0  10480-4 0  9996
2 27386  98.2183 333.1261 0001259  87.2757 272.8590 14.37905727819030
0 ENVISAT
1 27386U 02009A   17293.50233940 -.00000006  00000-0  11814-4 0  9991
2 27386  98.2182 333.4589 0001255  86.4886 273.6448 14.37905805819088
0 ENVISAT
1 27386U 02009A   17293.85026942 -.00000013  00000-0  94883-5 0  9997
2 27386  98.2182 333.7916 0001275  87.9776 272.1553 14.37905745819131
0 ENVISAT
1 27386U 02009A   17294.12861357 -.00000010  00000-0  10411-4 0  9996
2 27386  98.2181 334.0581 0001267  88.5242 271.6102 14.37905820819170
0 ENVISAT
1 27386U 02009A   17294.47654339  .00000003  00000-0  14785-4 0  9993
2 27386  98.2181 334.3909 0001268  87.0310 273.1028 14.37905974819228
0 ENVISAT
1 27386U 02009A   17294.82447329 -.00000011  00000-0  10029-4 0  9998
2 27386  98.2180 334.7235 0001282  87.8145 272.3177 14.37905842819278
0 ENVISAT
1 27386U 02009A   17295.17240348  .00000003  00000-0  14705-4 0  9994
2 27386  98.2180 335.0564 0001268  87.3331 272.8009 14.37906012819328
0 ENVISAT
1 27386U 02009A   17295.45074731  .00000009  00000-0  16589-4 0  9994
2 27386  98.2181 335.3227 0001277  86.8178 273.3161 14.37906112819361
0 ENVISAT
1 27386U 02009A   17295.79867714  .00000004  00000-0  14943-4 0  9999
2 27386  98.2180 335.6554 0001267  87.2003 272.9320 14.37906067819414
0 ENVISAT
1 27386U 02009A   17296.14660728  .00000006  00000-0  15837-4 0  9990
2 27386  98.2177 335.9883 0001248  87.8438 272.2905 14.37906177819464
0 ENVISAT
1 27386U 02009A   17296.42495099  .00000017  00000-0  19283-4 0  9999
2 27386  98.2177 336.2545 0001250  86.6444 273.4891 14.37906302819502
0 ENVISAT
1 27386U 02009A   17296.84246678  .00000009  00000-0  16622-4 0  9997
2 27386  98.2176 336.6536 0001267  87.4785 272.6540 14.37906265819566
0 ENVISAT
1 27386U 02009A   17297.19039691  .00000013  00000-0  17841-4 0  9990
2 27386  98.2175 336.9865 0001252  87.2830 272.8510 14.37906356819612
0 ENVISAT
1 27386U 02009A   17297.46874059  .00000027  00000-0  22693-4 0  9991
2 27386  98.2175 337.2527 0001247  85.9067 274.2267 14.37906529819653
0 ENVISAT
1 27386U 02009A   17297.81667038  .00000011  00000-0  17178-4 0  9992
2 27386  98.2174 337.5855 0001256  86.9125 273.2189 14.37906375819702
0 ENVISAT
1 27386U 02009A   17298.16460062  .00000013  00000-0  17907-4 0  9991
2 27386  98.2172 337.9181 0001252  86.3957 273.7380 14.37906460819757
0 ENVISAT
1 27386U 02009A   17298.51253039  .00000026  00000-0  22294-4 0  9993
2 27386  98.2172 338.2510 0001250  85.4111 274.7228 14.37906634819808
0 ENVISAT
1 27386U 02009A   17298.79087411  .00000010  00000-0  17111-4 0  9997
2 27386  98.2170 338.5172 0001261  87.2147 272.9171 14.37906489819843
0 ENVISAT
1 27386U 02009A   17299.13880423  .00000012  00000-0  17815-4 0  9993
2 27386  98.2169 338.8500 0001250  87.4967 272.6375 14.37906594819894
0 ENVISAT
1 27386U 02009A   17299.41714788 +.00000023 +00000-0 +21392-4 0  9991
2 27386 098.2169 339.1161 0001265 085.5514 274.5818 14.37906721819934
0 ENVISAT
1 27386U 02009A   17299.62590579  .00000023  00000-0  21437-4 0  9994
2 27386  98.2168 339.3157 0001253  85.9384 274.1949 14.37906749819960
0 ENVISAT
1 27386U 02009A   17299.76507769  .00000012  00000-0  17752-4 0  9991
2 27386  98.2168 339.4488 0001244  86.1984 273.9335 14.37906626819989
0 ENVISAT
1 27386U 02009A   17300.11300792  .00000007  00000-0  16171-4 0  9998
2 27386  98.2168 339.7816 0001242  86.6905 273.4433 14.37906627820036
0 ENVISAT
1 27386U 02009A   17300.46093763  .00000013  00000-0  18103-4 0  9997
2 27386  98.2168 340.1143 0001258  85.9518 274.1817 14.37906722820089
0 ENVISAT
1 27386U 02009A   17300.80886741 -.00000002  00000-0  13012-4 0  9994
2 27386  98.2167 340.4470 0001245  85.9375 274.1935 14.37906550820137
0 ENVISAT
1 27386U 02009A   17301.15679748  .00000001  00000-0  14048-4 0  9998
2 27386  98.2166 340.7797 0001241  86.9939 273.1396 14.37906660820181
0 ENVISAT
1 27386U 02009A   17301.50472720  .00000005  00000-0  15451-4 0  9991
2 27386  98.2165 341.1125 0001230  85.9944 274.1388 14.37906742820232
0 ENVISAT
1 27386U 02009A   17301.85265700 -.00000006  00000-0  11599-4 0  9998
2 27386  98.2163 341.4451 0001252  86.5218 273.6102 14.37906634820283
0 ENVISAT
1 27386U 02009A   17302.13100110 -.00000012  00000-0  97571-5 0  9995
2 27386  98.2162 341.7115 0001230  87.8696 272.2640 14.37906635820320
0 ENVISAT
1 27386U 02009A   17302.47893085 -.00000002  00000-0  12900-4 0  9993
2 27386  98.2163 342.0442 0001229  86.4777 273.6557 14.37906745820370
0 ENVISAT
1 27386U 02009A   17302.82686057 -.00000020  00000-0  71911-5 0  9999
2 27386  98.2162 342.3769 0001256  88.8266 271.3052 14.37906577820427
0 ENVISAT
1 27386U 02009A   17303.17479071 -.00000011  00000-0  10145-4 0  9995
2 27386  98.2161 342.7096 0001250  88.0861 272.0477 14.37906688820477
0 ENVISAT
1 27386U 02009A   17303.52272039 -.00000011  00000-0  10087-4 0  9994
2 27386  98.2161 343.0424 0001260  88.2848 271.8485 14.37906719820521
0 ENVISAT
1 27386U 02009A   17303.80106428 -.00000030  00000-0  38949-5 0  9992
2 27386  98.2160 343.3084 0001271  88.8884 271.2437 14.37906537820566
0 ENVISAT
1 27386U 02009A   17304.14899434 -.00000011  00000-0  99551-5 0  9991
2 27386  98.2159 343.6411 0001261  87.5023 272.6322 14.37906757820619
0 ENVISAT
1 27386U 02009A   17304.42733788 -.00000009  00000-0  10801-4 0  9998
2 27386  98.2159 343.9073 0001252  87.3076 272.8257 14.37906813820658
0 ENVISAT
1 27386U 02009A   17304.84485362 -.00000016  00000-0  82428-5 0  9999
2 27386  98.2158 344.3065 0001284  88.7529 271.3798 14.37906748820714
0 ENVISAT
1 27386U 02009A   17305.19278364 -.00000006  00000-0  11645-4 0  9991
2 27386  98.2158 344.6393 0001267  88.1177 272.0169 14.37906885820762
0 ENVISAT
1 27386U 02009A   17305.47112719 -.00000001 +00000-0 +13281-4 0  9996
2 27386 098.2158 344.9055 0001264 087.5264 272.6070 14.37906953820805
0 ENVISAT
1 27386U 02009A   17305.81905699 -.00000015 +00000-0 +85874-5 0  9994
2 27386 098.2157 345.2382 0001289 088.8800 271.2524 14.37906814820858
0 ENVISAT
1 27386U 02009A   17306.16698700 -.00000011  00000-0  10169-4 0  9995
2 27386  98.2156 345.5707 0001289  88.6388 271.4954 14.37906904820905
0 ENVISAT
1 27386U 02009A   17306.30615881 -.00000001  00000-0  13214-4 0  9993
2 27386  98.2157 345.7038 0001295  87.3232 272.8108 14.37906998820927
0 ENVISAT
1 27386U 02009A   17306.51491662 +.00000002 +00000-0 +14223-4 0  9996
2 27386 098.2157 345.9036 0001293 087.0725 273.0615 14.37907047820954
0 ENVISAT
1 27386U 02009A   17306.58450250 -.00000001  00000-0  13484-4 0  9999
2 27386  98.2158 345.9702 0001304  88.3533 271.7806 14.37907034820963
0 ENVISAT
1 27386U 02009A   17306.79326035 -.00000009 +00000-0 +10626-4 0  9998
2 27386 098.2158 346.1698 0001308 088.9685 271.1644 14.37906940820990
0 ENVISAT
1 27386U 02009A   17307.14119029 -.00000006  00000-0  11829-4 0  9994
2 27386  98.2156 346.5026 0001297  89.2205 270.9142 14.37907036821040
0 ENVISAT
1 27386U 02009A   17307.41953386 +.00000006 +00000-0 +15768-4 0  9991
2 27386 098.2157 346.7687 0001300 087.3897 272.7443 14.37907172821086
0 ENVISAT
1 27386U 02009A   17307.83704936 -.00000002  00000-0  13157-4 0  9999
2 27386  98.2157 347.1679 0001326  89.0676 271.0652 14.37907117821144
0 ENVISAT
1 27386U 02009A   17308.11539341  .00000002  00000-0  14377-4 0  9991
2 27386  98.2156 347.4341 0001315  89.3050 270.8297 14.37907194821180
0 ENVISAT
1 27386U 02009A   17308.46332290  .00000012  00000-0  17785-4 0  9990
2 27386  98.2156 347.7668 0001312  88.2801 271.8539 14.37907324821235
0 ENVISAT
1 27386U 02009A   17308.81125262  .00000000  00000-0  13761-4 0  9995
2 27386  98.2155 348.0993 0001315  88.8247 271.3081 14.37907208821285
0 ENVISAT
1 27386U 02009A   17309.15918245  .00000004  00000-0  15025-4 0  9993
2 27386  98.2153 348.4319 0001310  88.6010 271.5334 14.37907321821335
0 ENVISAT
1 27386U 02009A   17309.50711201  .00000021  00000-0  20798-4 0  9997
2 27386  98.2154 348.7648 0001332  86.8672 273.2677 14.37907532821380
0 ENVISAT
1 27386U 02009A   17309.85504156  .00000009  00000-0  16666-4 0  9999
2 27386  98.2153 349.0973 0001342  88.0233 272.1099 14.37907419821438
0 ENVISAT
1 27386U 02009A   17310.13338548  .00000008  00000-0  16416-4 0  9994
2 27386  98.2151 349.3633 0001350  87.8980 272.2364 14.37907456821478
0 ENVISAT
1 27386U 02009A   17310.48131489  .00000020  00000-0  20382-4 0  9998
2 27386  98.2151 349.6961 0001340  87.5165 272.6181 14.37907638821525
0 ENVISAT
1 27386U 02009A   17310.82924444  .00000009  00000-0  16813-4 0  9998
2 27386  98.2150 350.0287 0001325  87.7064 272.4261 14.37907528821574
0 ENVISAT
1 27386U 02009A   17311.10758836  .00000011  00000-0  17204-4 0  9998
2 27386  98.2149 350.2949 0001326  88.1035 272.0306 14.37907582821614
0 ENVISAT
1 27386U 02009A   17311.45551797  .00000010  00000-0  17080-4 0  9994
2 27386  98.2149 350.6275 0001321  87.0765 273.0575 14.37907627821667
0 ENVISAT
1 27386U 02009A   17311.80344758  .00000010  00000-0  16920-4 0  9992
2 27386  98.2148 350.9601 0001329  86.4656 273.6674 14.37907617821713
0 ENVISAT
1 27386U 02009A   17312.15137666  .00000522  00000-0  18646-3 0  9993
2 27386  98.2130 351.2938 0001439 103.6032 256.5346 14.37909160821769
0 ENVISAT
1 27386U 02009A   17312.49930524  .00000408  00000-0  14873-3 0  9995
2 27386  98.2128 351.6260 0001353 100.8182 259.3150 14.37909275821815
0 ENVISAT
1 27386U 02009A   17312.77764930  .00000004  00000-0  14983-4 0  9997
2 27386  98.2128 351.8920 0001429 103.4312 256.7009 14.37907763821856
0 ENVISAT
1 27386U 02009A   17313.12557921  .00000153  00000-0  64403-4 0  9994
2 27386  98.2127 352.2255 0001399 102.3535 257.7826 14.37908550821901
0 ENVISAT
1 27386U 02009A   17313.33433655  .00000059  00000-0  33111-4 0  9991
2 27386  98.2128 352.4249 0001401 102.0502 258.0836 14.37908328821933
0 ENVISAT
1 27386U 02009A   17313.47350848 -.00000094 +00000-0 -17539-4 0  9995
2 27386 098.2127 352.5580 0001378 101.0666 259.0672 14.37907989821957
0 ENVISAT
1 27386U 02009A   17313.82143854 -.00000556  00000-0 -17055-3 0  9996
2 27386  98.2128 352.8907 0001359 100.0907 260.0397 14.37906064822006
0 ENVISAT
1 27386U 02009A   17314.09978252 -.00000231  00000-0 -63003-4 0  9999
2 27386  98.2128 353.1562 0001367 100.8671 259.2672 14.37907105822049
0 ENVISAT
1 27386U 02009A   17314.51729803 -.00000042  00000-0 -37450-6 0  9991
2 27386  98.2131 353.5556 0001436 101.2363 258.9007 14.37907851822103
0 ENVISAT
1 27386U 02009A   17315.14357095  .00000561  00000-0  19948-3 0  9994
2 27386  98.2131 354.1542 0001436  99.3535 260.7833 14.37909065822199
0 ENVISAT
1 27386U 02009A   17315.42191488  .00000015  00000-0  18724-4 0  9993
2 27386  98.2140 354.4197 0001351  87.3132 272.8213 14.37908121822237
0 ENVISAT
1 27386U 02009A   17315.76984432 -.00000000  00000-0  13597-4 0  9997
2 27386  98.2138 354.7523 0001392  89.7923 270.3414 14.37908001822287
0 ENVISAT
1 27386U 02009A   17316.11777414  .00000006  00000-0  15725-4 0  9997
2 27386  98.2138 355.0852 0001381  88.9533 271.1823 14.37908104822335
0 ENVISAT
1 27386U 02009A   17316.46570347  .00000004  00000-0  14926-4 0  9991
2 27386  98.2137 355.4178 0001385  88.4567 271.6779 14.37908114822386
0 ENVISAT
1 27386U 02009A   17316.74404711 -.00000007  00000-0  11295-4 0  9993
2 27386  98.2136 355.6840 0001387  88.6135 271.5200 14.37908003822428
0 ENVISAT
1 27386U 02009A   17317.09197698 -.00000002  00000-0  12905-4 0  9999
2 27386  98.2137 356.0166 0001398  89.0138 271.1222 14.37908084822479
0 ENVISAT
1 27386U 02009A   17317.37032038  .00000001  00000-0  13907-4 0  9997
2 27386  98.2137 356.2828 0001405  88.9009 271.2344 14.37908144822518
0 ENVISAT
1 27386U 02009A   17317.71824985 -.00000012  00000-0  96128-5 0  9995
2 27386  98.2136 356.6152 0001420  89.4375 270.6966 14.37908023822564
0 ENVISAT
1 27386U 02009A   17318.13576555 -.00000000  00000-0  13625-4 0  9996
2 27386  98.2134 357.0143 0001410  88.6697 271.4670 14.37908198822625
0 ENVISAT
1 27386U 02009A   17318.41410881  .00000002  00000-0  14256-4 0  9998
2 27386  98.2134 357.2805 0001400  87.6243 272.5106 14.37908244822669
0 ENVISAT
1 27386U 02009A   17318.76203829 -.00000014  00000-0  90688-5 0  9996
2 27386  98.2133 357.6130 0001404  88.1314 272.0021 14.37908091822719
0 ENVISAT
1 27386U 02009A   17319.10996817 -.00000006  00000-0  11532-4 0  9992
2 27386  98.2133 357.9459 0001412  88.5780 271.5582 14.37908189822765
0 ENVISAT
1 27386U 02009A   17319.45789742 -.00000005  00000-0  12075-4 0  9999
2 27386  98.2133 358.2785 0001418  87.8701 272.2650 14.37908235822814
0 ENVISAT
1 27386U 02009A   17319.73624096 -.00000012  00000-0  96586-5 0  9998
2 27386  98.2134 358.5449 0001422  88.0415 272.0926 14.37908163822853
0 ENVISAT
1 27386U 02009A   17320.08417070 -.00000007  00000-0  11341-4 0  9999
2 27386  98.2134 358.8775 0001437  88.0917 272.0444 14.37908248822906
0 ENVISAT
1 27386U 02009A   17320.43209993 -.00000002  00000-0  12989-4 0  9995
2 27386  98.2135 359.2101 0001444  88.0496 272.0860 14.37908339822953
0 ENVISAT
1 27386U 02009A   17320.78002934 -.00000022  00000-0  63817-5 0  9998
2 27386  98.2133 359.5424 0001423  87.9112 272.2220 14.37908131823001
0 ENVISAT
1 27386U 02009A   17321.12795920 -.00000013  00000-0  94616-5 0  9992
2 27386  98.2133 359.8753 0001404  88.0327 272.1037 14.37908270823052
0 ENVISAT
1 27386U 02009A   17321.40630246 -.00000012  00000-0  98571-5 0  9995
2 27386  98.2132   0.1413 0001413  87.9755 272.1596 14.37908309823090
0 ENVISAT
1 27386U 02009A   17321.75423186 -.00000026  00000-0  51311-5 0  9992
2 27386  98.2131   0.4738 0001406  87.7839 272.3493 14.37908160823144
0 ENVISAT
1 27386U 02009A   17322.10216170 -.00000015  00000-0  88178-5 0  9994
2 27386  98.2131   0.8064 0001408  86.8699 273.2659 14.37908290823199
0 ENVISAT
1 27386U 02009A   17322.45009102 -.00000011  00000-0  98992-5 0  9998
2 27386  98.2131   1.1390 0001412  85.9504 274.1847 14.37908345823241
0 ENVISAT
1 27386U 02009A   17322.72843452 -.00000016  00000-0  82085-5 0  9993
2 27386  98.2131   1.4048 0001430  86.3742 273.7601 14.37908298823287
0 ENVISAT
1 27386U 02009A   17323.14595001 -.00000009  00000-0  10850-4 0  9996
2 27386  98.2129   1.8038 0001422  85.7086 274.4278 14.37908448823344
0 ENVISAT
1 27386U 02009A   17323.42429324  .00000004  00000-0  15115-4 0  9994
2 27386  98.2130   2.0700 0001415  84.5876 275.5481 14.37908606823389
0 ENVISAT
1 27386U 02009A   17323.77222250  .00000001  00000-0  13851-4 0  9993
2 27386  98.2130   2.4026 0001420  84.3093 275.8254 14.37908594823432
0 ENVISAT
1 27386U 02009A   17324.12015190  .00000002  00000-0  14436-4 0  9997
2 27386  98.2130   2.7352 0001426  84.4496 275.6858 14.37908663823481
0 ENVISAT
1 27386U 02009A   17324.46808121  .00000003  00000-0  14623-4 0  9997
2 27386  98.2130   3.0678 0001444  84.5834 275.5520 14.37908704823530
0 ENVISAT
1 27386U 02009A   17324.74642470 -.00000002  00000-0  13132-4 0  9995
2 27386  98.2128   3.3336 0001437  83.6039 276.5303 14.37908656823570
0 ENVISAT
1 27386U 02009A   17325.09435431 -.00000000  00000-0  13560-4 0  9994
2 27386  98.2127   3.6662 0001437  83.4242 276.7116 14.37908714823623
0 ENVISAT
1 27386U 02009A   17325.37269753  .00000006  00000-0  15756-4 0  9991
2 27386  98.2128   3.9324 0001440  83.2182 276.9174 14.37908833823669
0 ENVISAT
1 27386U 02009A   17325.72062677  .00000005  00000-0  15408-4 0  9999
2 27386  98.2128   4.2649 0001452  82.9141 277.2206 14.37908841823712
0 ENVISAT
1 27386U 02009A   17326.13814205  .00000021  00000-0  20563-4 0  9993
2 27386  98.2127   4.6639 0001423  83.9884 276.1490 14.37909092823775
0 ENVISAT
1 27386U 02009A   17326.41648500  .00000020  00000-0  20403-4 0  9999
2 27386  98.2126   4.9299 0001427  83.5538 276.5813 14.37909126823811
0 ENVISAT
1 27386U 02009A   17326.76441417  .00000019  00000-0  20044-4 0  9994
2 27386  98.2124   5.2623 0001466  85.0958 275.0385 14.37909130823868
0 ENVISAT
1 27386U 02009A   17327.11234378  .00000023  00000-0  21355-4 0  9991
2 27386  98.2123   5.5950 0001467  85.3714 274.7655 14.37909232823912
0 ENVISAT
1 27386U 02009A   17327.46027282  .00000020  00000-0  20219-4 0  9998
2 27386  98.2123   5.9275 0001474  85.3330 274.8026 14.37909240823965
0 ENVISAT
1 27386U 02009A   17327.80820206  .00000014  00000-0  18263-4 0  9992
2 27386  98.2122   6.2601 0001483  85.6776 274.4571 14.37909189824018
0 ENVISAT
1 27386U 02009A   17328.08654574  .00000017  00000-0  19187-4 0  9995
2 27386  98.2121   6.5260 0001466  85.6747 274.4620 14.37909274824054
0 ENVISAT
1 27386U 02009A   17328.43447468  .00000018  00000-0  19649-4 0  9990
2 27386  98.2120   6.8585 0001468  85.7629 274.3726 14.37909336824109
0 ENVISAT
1 27386U 02009A   17328.78240391  .00000017  00000-0  19256-4 0  9997
2 27386  98.2120   7.1908 0001472  84.9185 275.2164 14.37909343824154
0 ENVISAT
1 27386U 02009A   17329.13033325  .00000023  00000-0  21320-4 0  9996
2 27386  98.2119   7.5234 0001438  85.5785 274.5582 14.37909480824207
0 ENVISAT
1 27386U 02009A   17329.40867633  .00000018  00000-0  19700-4 0  9996
2 27386  98.2118   7.7893 0001444  86.0809 274.0540 14.37909458824247
0 ENVISAT
1 27386U 02009A   17329.75660560  .00000009  00000-0  16692-4 0  9991
2 27386  98.2118   8.1218 0001458  86.7005 273.4334 14.37909354824297
0 ENVISAT
1 27386U 02009A   17330.10453521  .00000006  00000-0  15544-4 0  9991
2 27386  98.2116   8.4546 0001458  87.0677 273.0683 14.37909361824348
0 ENVISAT
1 27386U 02009A   17330.45246430  .00000004  00000-0  14900-4 0  9991
2 27386  98.2116   8.7871 0001453  86.6386 273.4968 14.37909380824395
0 ENVISAT
1 27386U 02009A   17330.80039354 -.00000002  00000-0  13034-4 0  9991
2 27386  98.2116   9.1196 0001463  86.9845 273.1501 14.37909321824445
0 ENVISAT
1 27386U 02009A   17331.07873716 -.00000000  00000-0  13554-4 0  9994
2 27386  98.2116   9.3855 0001453  86.9952 273.1411 14.37909378824483
0 ENVISAT
1 27386U 02009A   17331.42666616  .00000001  00000-0  14004-4 0  9993
2 27386  98.2116   9.7180 0001458  86.7543 273.3813 14.37909433824533
0 ENVISAT
1 27386U 02009A   17331.77459527 -.00000004  00000-0  12458-4 0  9997
2 27386  98.2114  10.0502 0001474  87.5762 272.5584 14.37909397824584
0 ENVISAT
1 27386U 02009A   17332.05293884 -.00000001  00000-0  13368-4 0  9999
2 27386  98.2113  10.3163 0001451  87.6444 272.4920 14.37909475824627
0 ENVISAT
1 27386U 02009A   17332.40086782 -.00000004  00000-0  12263-4 0  9991
2 27386  98.2112  10.6488 0001462  88.1260 272.0095 14.37909478824670
0 ENVISAT
1 27386U 02009A   17332.74879702 -.00000014  00000-0  90311-5 0  9992
2 27386  98.2112  10.9813 0001461  88.3431 271.7913 14.37909373824721
0 ENVISAT
1 27386U 02009A   17333.09672649 -.00000013  00000-0  95254-5 0  9992
2 27386  98.2111  11.3138 0001472  89.2425 270.8936 14.37909410824772
0 ENVISAT
1 27386U 02009A   17333.37506970 -.00000009  00000-0  10542-4 0  9997
2 27386  98.2110  11.5798 0001470  89.0213 271.1145 14.37909473824816
0 ENVISAT
1 27386U 02009A   17333.72299888 -.00000011 +00000-0 +10130-4 0  9999
2 27386 098.2112 011.9125 0001477 088.5086 271.6268 14.37909468824865
0 ENVISAT
1 27386U 02009A   17334.14051391  .00000000  00000-0  13775-4 0  9996
2 27386  98.2112  12.3116 0001456  88.4306 271.7063 14.37909640824924
0 ENVISAT
1 27386U 02009A   17334.41885700  .00000002  00000-0  14234-4 0  9998
2 27386  98.2112  12.5776 0001459  87.5800 272.5558 14.37909683824969
0 ENVISAT
1 27386U 02009A   17334.76678609 -.00000001  00000-0  13333-4 0  9993
2 27386  98.2112  12.9101 0001449  86.7955 273.3390 14.37909654825014
0 ENVISAT
1 27386U 02009A   17335.11471538 -.00000002  00000-0  13118-4 0  9997
2 27386  98.2111  13.2426 0001448  86.2911 273.8442 14.37909687825067
0 ENVISAT
1 27386U 02009A   17335.46264448 -.00000002  00000-0  13123-4 0  9991
2 27386  98.2111  13.5751 0001452  86.1957 273.9398 14.37909726825116
0 ENVISAT
1 27386U 02009A   17335.74098780 -.00000008  00000-0  10857-4 0  9993
2 27386  98.2111  13.8411 0001442  85.0262 275.1079 14.37909648825155
0 ENVISAT
1 27386U 02009A   17336.08891725 -.00000007  00000-0  11428-4 0  9995
2 27386  98.2110  14.1737 0001441  85.1208 275.0155 14.37909709825207
0 ENVISAT
1 27386U 02009A   17336.43684618  .00000002  00000-0  14449-4 0  9995
2 27386  98.2111  14.5064 0001454  84.8132 275.3229 14.37909840825257
0 ENVISAT
1 27386U 02009A   17336.71518923 -.00000002  00000-0  13053-4 0  9992
2 27386  98.2110  14.7722 0001462  85.7263 274.4085 14.37909813825297
0 ENVISAT
1 27386U 02009A   17337.13270439  .00000007  00000-0  16012-4 0  9998
2 27386  98.2110  15.1712 0001428  84.6014 275.5353 14.37909954825358
0 ENVISAT
1 27386U 02009A   17337.41104732  .00000004  00000-0  15135-4 0  9993
2 27386  98.2110  15.4372 0001439  84.7999 275.3351 14.37909961825396
0 ENVISAT
1 27386U 02009A   17337.75897635 -.00000006  00000-0  11808-4 0  9997
2 27386  98.2108  15.7697 0001455  86.6326 273.5018 14.37909883825448
0 ENVISAT
1 27386U 02009A   17338.10690572  .00000004  00000-0  15143-4 0  9991
2 27386  98.2110  16.1023 0001444  85.5180 274.6184 14.37910013825491
0 ENVISAT
1 27386U 02009A   17338.45483456  .00000004  00000-0  14896-4 0  9994
2 27386  98.2111  16.4349 0001444  84.9523 275.1829 14.37910040825548
0 ENVISAT
1 27386U 02009A   17338.73317785 -.00000010  00000-0  10360-4 0  9996
2 27386  98.2108  16.7006 0001438  85.2581 274.8761 14.37909913825580
0 ENVISAT
1 27386U 02009A   17339.08110715  .00000004  00000-0  15073-4 0  9997
2 27386  98.2108  17.0331 0001430  83.8856 276.2507 14.37910091825635
0 ENVISAT
1 27386U 02009A   17339.42903599  .00000001  00000-0  14008-4 0  9999
2 27386  98.2108  17.3657 0001433  82.9710 277.1643 14.37910108825686
0 ENVISAT
1 27386U 02009A   17339.77696496 -.00000009  00000-0  10835-4 0  9995
2 27386  98.2107  17.6982 0001451  83.8273 276.3069 14.37910026825731
0 ENVISAT
1 27386U 02009A   17340.12489424 -.00000006  00000-0  11738-4 0  9997
2 27386  98.2106  18.0307 0001449  83.0677 277.0681 14.37910093825780
0 ENVISAT
1 27386U 02009A   17340.40323730  .00000002  00000-0  14202-4 0  9999
2 27386  98.2107  18.2968 0001459  83.1544 276.9811 14.37910192825829
0 ENVISAT
1 27386U 02009A   17340.75116618 -.00000002  00000-0  13098-4 0  9995
2 27386  98.2106  18.6293 0001488  84.6938 275.4412 14.37910184825875
0 ENVISAT
1 27386U 02009A   17341.09909543  .00000008  00000-0  16168-4 0  9996
2 27386  98.2105  18.9618 0001502  84.4546 275.6822 14.37910305825926
0 ENVISAT
1 27386U 02009A   17341.37743840  .00000010  00000-0  16853-4 0  9997
2 27386  98.2105  19.2278 0001494  83.7056 276.4302 14.37910362825969
0 ENVISAT
1 27386U 02009A   17341.72536732 +.00000002 +00000-0 +14326-4 0  9990
2 27386 098.2105 019.5602 0001520 085.1278 275.0074 14.37910306826011
0 ENVISAT
1 27386U 02009A   17342.14288239 +.00000008 +00000-0 +16196-4 0  9996
2 27386 098.2104 019.9591 0001500 084.4063 275.7310 14.37910429826075
0 ENVISAT
1 27386U 02009A   17342.42122519  .00000017  00000-0  19229-4 0  9995
2 27386  98.2103  20.2252 0001506  83.5051 276.6310 14.37910556826112
0 ENVISAT
1 27386U 02009A   17342.76915396  .00000011  00000-0  17166-4 0  9997
2 27386  98.2102  20.5576 0001536  86.4515 273.6838 14.37910520826161
0 ENVISAT
1 27386U 02009A   17343.11708316  .00000016  00000-0  18842-4 0  9996
2 27386  98.2102  20.8903 0001525  86.0248 274.1124 14.37910615826210
0 ENVISAT
1 27386U 02009A   17343.46501191  .00000016  00000-0  18878-4 0  9995
2 27386  98.2102  21.2228 0001527  85.8641 274.2724 14.37910658826260
0 ENVISAT
1 27386U 02009A   17343.74335499  .00000010  00000-0  16950-4 0  9995
2 27386  98.2101  21.4887 0001530  85.8215 274.3143 14.37910626826309
0 ENVISAT
1 27386U 02009A   17344.09128415  .00000020  00000-0  20340-4 0  9991
2 27386  98.2101  21.8212 0001521  84.5215 275.6158 14.37910759826353
0 ENVISAT
1 27386U 02009A   17344.43921278 +.00000021 +00000-0 +20700-4 0  9998
2 27386 098.2102 022.1537 0001517 083.9911 276.1451 14.37910823826409
0 ENVISAT
1 27386U 02009A   17344.78714168 +.00000011 +00000-0 +17411-4 0  9998
2 27386 098.2099 022.4858 0001515 084.2477 275.8877 14.37910753826457
0 ENVISAT
1 27386U 02009A   17345.13507082  .00000023  00000-0  21154-4 0  9995
2 27386  98.2098  22.8182 0001506  83.0243 277.1132 14.37910918826506
0 ENVISAT
1 27386U 02009A   17345.41341363  .00000018  00000-0  19498-4 0  9996
2 27386  98.2097  23.0842 0001505  83.1744 276.9612 14.37910896826546
0 ENVISAT
1 27386U 02009A   17345.76134263 -.00000004  00000-0  12337-4 0  9994
2 27386  98.2096  23.4165 0001510  84.7292 275.4053 14.37910678826594
0 ENVISAT
1 27386U 02009A   17346.45720079 -.00000008  00000-0  11172-4 0  9997
2 27386  98.2095  24.0814 0001509  83.6754 276.4606 14.37910697826697
0 ENVISAT
1 27386U 02009A   17346.73554400 -.00000021  00000-0  66924-5 0  9992
2 27386  98.2097  24.3475 0001517  83.5573 276.5773 14.37910532826731
0 ENVISAT
1 27386U 02009A   17347.08347321 -.00000013  00000-0  94049-5 0  9993
2 27386  98.2095  24.6799 0001502  83.4330 276.7039 14.37910649826786
0 ENVISAT
1 27386U 02009A   17347.43140188 -.00000013  00000-0  94052-5 0  9998
2 27386  98.2096  25.0123 0001504  82.4582 277.6776 14.37910687826839
0 ENVISAT
1 27386U 02009A   17347.77933077 -.00000021  00000-0  68342-5 0  9994
2 27386  98.2095  25.3446 0001517  83.3372 276.7981 14.37910618826887
0 ENVISAT
1 27386U 02009A   17348.12725993 -.00000017  00000-0  81138-5 0  9993
2 27386  98.2094  25.6771 0001511  82.9313 277.2056 14.37910679826936
0 ENVISAT
1 27386U 02009A   17348.40560287 -.00000020  00000-0  69980-5 0  9992
2 27386  98.2094  25.9431 0001515  82.2679 277.8677 14.37910659826971
0 ENVISAT
1 27386U 02009A   17348.75353190 -.00000032  00000-0  31402-5 0  9994
2 27386  98.2093  26.2755 0001520  82.3706 277.7640 14.37910518827021
0 ENVISAT
1 27386U 02009A   17349.10146123 -.00000031  00000-0  35378-5 0  9995
2 27386  98.2094  26.6081 0001505  81.6242 278.5127 14.37910548827075
0 ENVISAT
1 27386U 02009A   17349.44938985 -.00000025  00000-0  53596-5 0  9992
2 27386  98.2094  26.9405 0001495  80.9149 279.2208 14.37910622827121
0 ENVISAT
1 27386U 02009A   17349.79731878 -.00000035  00000-0  21792-5 0  9996
2 27386  98.2093  27.2728 0001506  81.1025 279.0324 14.37910523827173
0 ENVISAT
1 27386U 02009A   17350.14524793 -.00000022  00000-0  63679-5 0  9999
2 27386  98.2094  27.6053 0001486  81.1302 279.0073 14.37910689827224
0 ENVISAT
1 27386U 02009A   17350.42359059 -.00000017  00000-0  79151-5 0  9997
2 27386  98.2094  27.8713 0001484  81.4421 278.6938 14.37910766827267
0 ENVISAT
1 27386U 02009A   17350.77151927 -.00000015  00000-0  85482-5 0  9991
2 27386  98.2093  28.2036 0001506  82.6396 277.4957 14.37910800827311
0 ENVISAT
1 27386U 02009A   17351.11944828 -.00000011  00000-0  10121-4 0  9993
2 27386  98.2093  28.5360 0001480  83.2131 276.9238 14.37910890827369
0 ENVISAT
1 27386U 02009A   17351.46737693 -.00000014  00000-0  91822-5 0  9992
2 27386  98.2093  28.8685 0001487  81.9854 278.1503 14.37910895827416
0 ENVISAT
1 27386U 02009A   17351.74571980 -.00000011  00000-0  98622-5 0  9990
2 27386  98.2093  29.1343 0001483  82.8470 277.2873 14.37910899827459
0 ENVISAT
1 27386U 02009A   17352.09364898 -.00000011  00000-0  99379-5 0  9997
2 27386  98.2092  29.4667 0001482  83.7932 276.3433 14.37910936827502
0 ENVISAT
1 27386U 02009A   17352.44157761 -.00000005  00000-0  12129-4 0  9995
2 27386  98.2092  29.7990 0001482  82.9548 277.1812 14.37911048827558
0 ENVISAT
1 27386U 02009A   17352.71992053 -.00000002 +00000-0 +12999-4 0  9998
2 27386 098.2092 030.0649 0001479 082.3147 277.8201 14.37911065827591
0 ENVISAT
1 27386U 02009A   17353.13743529  .00000006  00000-0  15807-4 0  9991
2 27386  98.2089  30.4637 0001452  83.9300 276.2074 14.37911221827659
0 ENVISAT
1 27386U 02009A   17353.41577791  .00000004  00000-0  15082-4 0  9991
2 27386  98.2089  30.7298 0001451  83.0955 277.0399 14.37911243827698
0 ENVISAT
1 27386U 02009A   17353.76370652  .00000013  00000-0  18001-4 0  9990
2 27386  98.2088  31.0620 0001454  82.5093 277.6255 14.37911349827740
0 ENVISAT
1 27386U 02009A   17354.11163540  .00000018  00000-0  19617-4 0  9995
2 27386  98.2089  31.3945 0001446  83.9101 276.2261 14.37911443827792
0 ENVISAT
1 27386U 02009A   17354.45956395  .00000016  00000-0  18925-4 0  9999
2 27386  98.2088  31.7268 0001445  83.3526 276.7827 14.37911468827843
0 ENVISAT
1 27386U 02009A   17354.80749262  .00000009  00000-0  16707-4 0  9999
2 27386  98.2087  32.0592 0001438  83.3534 276.7803 14.37911399827899
0 ENVISAT
1 27386U 02009A   17355.08583591  .00000008  00000-0  16388-4 0  9995
2 27386  98.2085  32.3251 0001449  84.1954 275.9403 14.37911431827938
0 ENVISAT
1 27386U 02009A   17355.43376461  .00000011  00000-0  17423-4 0  9995
2 27386  98.2086  32.6574 0001453  82.9676 277.1680 14.37911506827981
0 ENVISAT
1 27386U 02009A   17355.78169315  .00000005  00000-0  15298-4 0  9992
2 27386  98.2084  32.9897 0001467  84.2645 275.8697 14.37911457828031
0 ENVISAT
1 27386U 02009A   17356.12962218  .00000004  00000-0  14917-4 0  9990
2 27386  98.2082  33.3221 0001452  84.5749 275.5615 14.37911511828080
0 ENVISAT
1 27386U 02009A   17356.47755071  .00000013  00000-0  18004-4 0  9996
2 27386  98.2083  33.6546 0001468  83.2755 276.8603 14.37911629828131
0 ENVISAT
1 27386U 02009A   17356.75589358  .00000006  00000-0  15672-4 0  9990
2 27386  98.2082  33.9204 0001469  84.4719 275.6627 14.37911559828177
0 ENVISAT
1 27386U 02009A   17357.10382246  .00000006  00000-0  15517-4 0  9995
2 27386  98.2079  34.2527 0001468  84.1026 276.0331 14.37911605828227
0 ENVISAT
1 27386U 02009A   17357.45175109  .00000011  00000-0  17240-4 0  9992
2 27386  98.2078  34.5851 0001465  83.0623 277.0733 14.37911696828279
0 ENVISAT
1 27386U 02009A   17357.79967984 -.00000018  00000-0  76578-5 0  9997
2 27386  98.2077  34.9175 0001476  84.4301 275.7040 14.37911434828323
0 ENVISAT
1 27386U 02009A   17358.14760877  .00000000  00000-0  13692-4 0  9996
2 27386  98.2076  35.2499 0001452  83.5874 276.5495 14.37911671828375
0 ENVISAT
1 27386U 02009A   17358.49553713  .00000002  00000-0  14283-4 0  9992
2 27386  98.2075  35.5823 0001458  83.0669 277.0689 14.37911736828420
0 ENVISAT
1 27386U 02009A   17358.84346574 -.00000009  00000-0  10549-4 0  9995
2 27386  98.2074  35.9145 0001467  84.1437 275.9909 14.37911640828476
0 ENVISAT
1 27386U 02009A   17359.19139453  .00000008  00000-0  16152-4 0  9994
2 27386  98.2074  36.2469 0001451  84.1852 275.9513 14.37911838828529
0 ENVISAT
1 27386U 02009A   17359.46973723  .00000004  00000-0  14873-4 0  9994
2 27386  98.2074  36.5128 0001451  83.6167 276.5187 14.37911840828568
0 ENVISAT
1 27386U 02009A   17359.81766588 -.00000004  00000-0  12363-4 0  9995
2 27386  98.2073  36.8451 0001472  84.1669 275.9672 14.37911749828611
0 ENVISAT
1 27386U 02009A   17360.09600900  .00000003  00000-0  14590-4 0  9994
2 27386  98.2070  37.1110 0001473  84.2279 275.9080 14.37911849828651
0 ENVISAT
1 27386U 02009A   17360.51352329  .00000004  00000-0  15093-4 0  9990
2 27386  98.2071  37.5099 0001483  84.0162 276.1200 14.37911931828718
0 ENVISAT
1 27386U 02009A   17360.79186612 -.00000005  00000-0  12079-4 0  9993
2 27386  98.2071  37.7760 0001480  84.2444 275.8903 14.37911832828757
0 ENVISAT
1 27386U 02009A   17361.13979490  .00000006  00000-0  15563-4 0  9997
2 27386  98.2070  38.1083 0001462  83.9818 276.1551 14.37912002828809
0 ENVISAT
1 27386U 02009A   17361.48772322  .00000003  00000-0  14658-4 0  9991
2 27386  98.2070  38.4407 0001459  83.4510 276.6846 14.37912024828853
0 ENVISAT
1 27386U 02009A   17361.83565181  .00000009  00000-0  16499-4 0  9994
2 27386  98.2071  38.7731 0001457  82.9677 277.1673 14.37912062828905
0 ENVISAT
1 27386U 02009A   17362.11399483  .00000005  00000-0  15391-4 0  9992
2 27386  98.2070  39.0390 0001454  83.3609 276.7750 14.37912072828942
0 ENVISAT
1 27386U 02009A   17362.46192337  .00000001  00000-0  13922-4 0  9993
2 27386  98.2071  39.3712 0001453  82.6840 277.4512 14.37912063828991
0 ENVISAT
1 27386U 02009A   17362.80985189  .00000001  00000-0  13910-4 0  9993
2 27386  98.2070  39.7037 0001475  82.9670 277.1671 14.37912037829043
0 ENVISAT
1 27386U 02009A   17363.15778079 -.00000003  00000-0  12783-4 0  9990
2 27386  98.2068  40.0361 0001468  82.4437 277.6923 14.37912068829097
0 ENVISAT
1 27386U 02009A   17363.50570933 -.00000008  00000-0  11135-4 0  9993
2 27386  98.2068  40.3685 0001474  81.8345 278.3013 14.37912070829144
0 ENVISAT
1 27386U 02009A   17363.78405224 -.00000020  00000-0  70253-5 0  9994
2 27386  98.2068  40.6344 0001475  82.5255 277.6090 14.37911919829180
0 ENVISAT
1 27386U 02009A   17364.13198111 -.00000013  00000-0  95007-5 0  9994
2 27386  98.2067  40.9667 0001460  81.7478 278.3889 14.37912043829231
0 ENVISAT
1 27386U 02009A   17364.47990951 -.00000017  00000-0  81696-5 0  9996
2 27386  98.2068  41.2989 0001460  80.9496 279.1859 14.37912036829287
0 ENVISAT
1 27386U 02009A   17364.82783798 -.00000019  00000-0  75175-5 0  9991
2 27386  98.2069  41.6315 0001470  81.8427 278.2915 14.37911990829337
