0 HIPPARCOS
1 20169U 89062B   17275.28922375 -.00000311  00000-0 -56952-3 0  9990
2 20169   6.7148 108.3545 7192326  81.8461 347.2896  2.26149629197355
0 HIPPARCOS
1 20169U 89062B   17276.17339097 -.00000281 +00000-0 -46777-3 0  9992
2 20169 006.7159 107.9950 7192363 082.5419 347.1141 02.26149532197449
0 HIPPARCOS
1 20169U 89062B   17277.49963893 -.00000233  00000-0 -31367-3 0  9991
2 20169   6.7172 107.4612 7192402  83.5783 346.8497  2.26149423197408
0 HIPPARCOS
1 20169U 89062B   17277.49963893 -.00000233 +00000-0 -31367-3 0  9991
2 20169 006.7172 107.4612 7192402 083.5783 346.8497 02.26149423197475
0 HIPPARCOS
1 20169U 89062B   17277.94171873 -.00000212 +00000-0 -22914-3 0  9995
2 20169 006.7177 107.2823 7192411 083.9248 346.7586 02.26149401197487
0 HIPPARCOS
1 20169U 89062B   17278.82587137 -.00000166 +00000-0 -81126-5 0  9997
2 20169 006.7187 106.9230 7192438 084.6198 346.5708 02.26149395197506
0 HIPPARCOS
1 20169U 89062B   17279.26794351 -.00000138  00000-0  14494-3 0  9994
2 20169   6.7193 106.7424 7192445  84.9685 346.4729  2.26149408197448
0 HIPPARCOS
1 20169U 89062B   17280.59414252 -.00000095  00000-0  38844-3 0  9998
2 20169   6.7207 106.2066 7192490  86.0076 346.1672  2.26149406197473
0 HIPPARCOS
1 20169U 89062B   17281.47825738 -.00000095 +00000-0 +42194-3 0  9994
2 20169 006.7217 105.8483 7192508 086.7018 345.9493 02.26149441197562
0 HIPPARCOS
1 20169U 89062B   17281.92030974 -.00000100  00000-0  42259-3 0  9993
2 20169   6.7222 105.6684 7192513  87.0496 345.8365  2.26149480197503
0 HIPPARCOS
1 20169U 89062B   17281.92030974 -.00000100 +00000-0 +42259-3 0  9993
2 20169 006.7222 105.6684 7192513 087.0496 345.8365 02.26149480197570
0 HIPPARCOS
1 20169U 89062B   17281.92030831 -.00000101 +00000-0 +41416-3 0  9990
2 20169 006.7224 105.6654 7192490 087.0541 345.8342 02.26149475197573
0 HIPPARCOS
1 20169U 89062B   17282.80440724 -.00000116 +00000-0 +41452-3 0  9990
2 20169 006.7231 105.3101 7192518 087.7437 345.6053 02.26149586197599
0 HIPPARCOS
1 20169U 89062B   17283.24645273 -.00000125  00000-0  42419-3 0  9999
2 20169   6.7236 105.1299 7192501  88.0917 345.4869  2.26149650197538
0 HIPPARCOS
1 20169U 89062B   17284.13054021 -.00000147 +00000-0 +42903-3 0  9995
2 20169 006.7247 104.7695 7192486 088.7890 345.2475 02.26149782197621
0 HIPPARCOS
1 20169U 89062B   17285.01462773 -.00000179  00000-0  36460-3 0  9996
2 20169   6.7255 104.4125 7192475  89.4804 345.0102  2.26149919197577
0 HIPPARCOS
1 20169U 89062B   17285.45667065 -.00000191 +00000-0 +35808-3 0  9994
2 20169 006.7261 104.2305 7192453 089.8314 344.8898 02.26149987197651
0 HIPPARCOS
1 20169U 89062B   17285.89871539 -.00000205 +00000-0 +32223-3 0  9999
2 20169 006.7266 104.0506 7192448 090.1791 344.7716 02.26150048197664
0 HIPPARCOS
1 20169U 89062B   17287.22485830 -.00000204  00000-0  44298-3 0  9997
2 20169   6.7280 103.5163 7192472  91.2151 344.4254  2.26150216197629
0 HIPPARCOS
1 20169U 89062B   17287.22485739 -.00000203 +00000-0 +45048-3 0  9998
2 20169 006.7281 103.5146 7192452 091.2180 344.4239 02.26150201197695
0 HIPPARCOS
1 20169U 89062B   17288.55100661 -.00000182  00000-0  56302-3 0  9994
2 20169   6.7294 102.9824 7192514  92.2516 344.0833  2.26150308197658
0 HIPPARCOS
1 20169U 89062B   17289.43510286 -.00000168 +00000-0 +56105-3 0  9995
2 20169 006.7305 102.6274 7192556 092.9416 343.8540 02.26150389197740
0 HIPPARCOS
1 20169U 89062B   17289.87714864 -.00000159  00000-0  56377-3 0  9992
2 20169   6.7310 102.4495 7192577  93.2872 343.7374  2.26150444197681
0 HIPPARCOS
1 20169U 89062B   17289.87714792 -.00000162 +00000-0 +53999-3 0  9993
2 20169 006.7312 102.4485 7192577 093.2891 343.7363 02.26150428197751
0 HIPPARCOS
1 20169U 89062B   17290.76123379 -.00000143 +00000-0 +53124-3 0  9997
2 20169 006.7321 102.0937 7192619 093.9783 343.4994 02.26150540197777
0 HIPPARCOS
1 20169U 89062B   17291.20327155 -.00000138  00000-0  48971-3 0  9993
2 20169   6.7327 101.9154 7192634  94.3250 343.3764  2.26150590197716
0 HIPPARCOS
1 20169U 89062B   17291.64530780 -.00000128 +00000-0 +48844-3 0  9999
2 20169 006.7332 101.7387 7192654 094.6686 343.2530 02.26150657197798
0 HIPPARCOS
1 20169U 89062B   17292.52936769 -.00000133  00000-0  33441-3 0  9997
2 20169   6.7343 101.3831 7192647  95.3595 342.9955  2.26150745197749
0 HIPPARCOS
1 20169U 89062B   17292.52936813 -.00000129 +00000-0 +36061-3 0  9993
2 20169 006.7343 101.3834 7192659 095.3591 342.9958 02.26150755197813
0 HIPPARCOS
1 20169U 89062B   17293.41341324 -.00000139 +00000-0 +21100-3 0  9998
2 20169 006.7354 101.0263 7192636 096.0515 342.7268 02.26150869197837
0 HIPPARCOS
1 20169U 89062B   17293.85543178 -.00000143  00000-0  16478-3 0  9994
2 20169   6.7358 100.8493 7192643  96.3959 342.5894  2.26150921197771
0 HIPPARCOS
1 20169U 89062B   17293.85543178 -.00000143 +00000-0 +16478-3 0  9994
2 20169 006.7358 100.8493 7192643 096.3959 342.5894 02.26150921197849
0 HIPPARCOS
1 20169U 89062B   17294.29744601 -.00000144 +00000-0 +14677-3 0  9997
2 20169 006.7365 100.6702 7192616 096.7428 342.4478 02.26150979197854
0 HIPPARCOS
1 20169U 89062B   17294.73945792 -.00000146 +00000-0 +12885-3 0  9991
2 20169 006.7368 100.4930 7192617 097.0871 342.3054 02.26151029197862
0 HIPPARCOS
1 20169U 89062B   17295.62347326 -.00000148  00000-0  14580-3 0  9995
2 20169   6.7378 100.1366 7192586  97.7783 342.0124  2.26151098197813
0 HIPPARCOS
1 20169U 89062B   17296.50747941 -.00000156 +00000-0 +16024-3 0  9994
2 20169 006.7388 099.7808 7192560 098.4686 341.7124 02.26151168197904
0 HIPPARCOS
1 20169U 89062B   17296.50747917 -.00000157 +00000-0 +14769-3 0  9992
2 20169 006.7388 099.7805 7192541 098.4689 341.7119 02.26151164197903
0 HIPPARCOS
1 20169U 89062B   17296.94947966 -.00000165  00000-0  13610-3 0  9999
2 20169   6.7393  99.6030 7192550  98.8136 341.5601  2.26151188197842
0 HIPPARCOS
1 20169U 89062B   17297.83347563 -.00000179 +00000-0 +11910-3 0  9991
2 20169 006.7402 099.2470 7192543 099.5040 341.2524 02.26151242197933
0 HIPPARCOS
1 20169U 89062B   17297.83347458 -.00000179 +00000-0 +11958-3 0  9996
2 20169 006.7403 099.2454 7192512 099.5066 341.2507 02.26151247197936
0 HIPPARCOS
1 20169U 89062B   17299.15946160 -.00000208  00000-0  14732-4 0  9995
2 20169   6.7418  98.7119 7192561 100.5412 340.7843  2.26151238197898
0 HIPPARCOS
1 20169U 89062B   17299.15946160 -.00000208 +00000-0 +14732-4 0  9995
2 20169 006.7418 098.7119 7192561 100.5412 340.7843 02.26151238197966
0 HIPPARCOS
1 20169U 89062B   17300.92743348 -.00000273  00000-0 -40004-3 0  9999
2 20169   6.7440  97.9963 7192601 101.9261 340.1542  2.26151086197939
0 HIPPARCOS
1 20169U 89062B   17300.92743336 -.00000273 +00000-0 -40350-3 0  9990
2 20169 006.7440 097.9961 7192603 101.9269 340.1538 02.26151080198005
0 HIPPARCOS
1 20169U 89062B   17301.81141777 -.00000292 +00000-0 -56765-3 0  9998
2 20169 006.7451 097.6389 7192625 102.6182 339.8376 02.26151004198027
0 HIPPARCOS
1 20169U 89062B   17302.25340742 -.00000302 +00000-0 -66599-3 0  9998
2 20169 006.7459 097.4573 7192616 102.9680 339.6764 02.26150932198033
0 HIPPARCOS
1 20169U 89062B   17302.69539776 -.00000303  00000-0 -70863-3 0  9993
2 20169   6.7465  97.2775 7192608 103.3148 339.5161  2.26150864197973
0 HIPPARCOS
1 20169U 89062B   17303.13738664 -.00000296 +00000-0 -70514-3 0  9994
2 20169 006.7472 097.0976 7192606 103.6628 339.3543 02.26150821198051
0 HIPPARCOS
1 20169U 89062B   17304.46334546 -.00000274  00000-0 -70946-3 0  9997
2 20169   6.7492  96.5589 7192592 104.7033 338.8619  2.26150617198010
0 HIPPARCOS
1 20169U 89062B   17304.90532408 -.00000248 +00000-0 -59193-3 0  9995
2 20169 006.7501 096.3748 7192530 105.0562 338.6896 02.26150586198097
0 HIPPARCOS
1 20169U 89062B   17305.78927656 -.00000202 +00000-0 -39412-3 0  9997
2 20169 006.7517 096.0137 7192500 105.7522 338.3431 02.26150502198048
0 HIPPARCOS
1 20169U 89062B   17306.67321523 -.00000160 +00000-0 -21087-3 0  9999
2 20169 006.7530 095.6562 7192512 106.4432 337.9861 02.26150429198131
0 HIPPARCOS
1 20169U 89062B   17307.11517506 -.00000128 +00000-0 -34439-4 0  9997
2 20169 006.7539 095.4738 7192487 106.7939 337.7985 02.26150420198078
0 HIPPARCOS
1 20169U 89062B   17307.55713113 -.00000109 +00000-0 +58621-4 0  9994
2 20169 006.7547 095.2936 7192484 107.1412 337.6089 02.26150396198158
0 HIPPARCOS
1 20169U 89062B   17309.32490385 -.00000070  00000-0  29652-3 0  9992
2 20169   6.7576  94.5723 7192456 108.5320 336.8086  2.26150401198120
0 HIPPARCOS
1 20169U 89062B   17310.20876010 -.00000063 +00000-0 +41483-3 0  9992
2 20169 006.7593 094.2071 7192372 109.2335 336.3830 02.26150455198214
0 HIPPARCOS
1 20169U 89062B   17310.20876198 -.00000068 +00000-0 +37801-3 0  9993
2 20169 006.7592 094.2096 7192406 109.2297 336.3854 02.26150462198219
0 HIPPARCOS
1 20169U 89062B   17311.09260659 -.00000079  00000-0  41798-3 0  9992
2 20169   6.7608  93.8464 7192338 109.9289 335.9515  2.26150545198168
0 HIPPARCOS
1 20169U 89062B   17311.53452738 -.00000090 +00000-0 +41611-3 0  9999
2 20169 006.7616 093.6670 7192330 110.2746 335.7345 02.26150618198248
0 HIPPARCOS
1 20169U 89062B   17312.41836302 -.00000120  00000-0  36700-3 0  9997
2 20169   6.7631  93.3062 7192290 110.9701 335.2953  2.26150771198194
0 HIPPARCOS
1 20169U 89062B   17312.86027874 -.00000136 +00000-0 +33400-3 0  9993
2 20169 006.7640 093.1242 7192232 111.3200 335.0735 02.26150850198270
0 HIPPARCOS
1 20169U 89062B   17313.30219383 -.00000151 +00000-0 +30414-3 0  9990
2 20169 006.7647 092.9423 7192166 111.6697 334.8515 02.26150915198280
0 HIPPARCOS
1 20169U 89062B   17313.74411049 -.00000162  00000-0  29456-3 0  9997
2 20169   6.7655  92.7621 7192131 112.0170 334.6311  2.26150980198228
0 HIPPARCOS
1 20169U 89062B   17314.18602889 -.00000167 +00000-0 +31653-3 0  9997
2 20169 006.7662 092.5841 7192132 112.3612 334.4127 02.26151043198306
0 HIPPARCOS
1 20169U 89062B   17314.18602704 -.00000163 +00000-0 +34330-3 0  9994
2 20169 006.7663 092.5822 7192096 112.3641 334.4105 02.26151048198308
0 HIPPARCOS
1 20169U 89062B   17315.51177516 -.00000168  00000-0  38886-3 0  9995
2 20169   6.7686  92.0456 7192072 113.4006 333.7491  2.26151151198262
0 HIPPARCOS
1 20169U 89062B   17315.51177566 -.00000168 +00000-0 +38802-3 0  9998
2 20169 006.7686 092.0460 7192066 113.4001 333.7494 02.26151151198336
0 HIPPARCOS
1 20169U 89062B   17315.51177494 -.00000169 +00000-0 +38017-3 0  9997
2 20169 006.7686 092.0452 7192055 113.4012 333.7486 02.26151148198334
0 HIPPARCOS
1 20169U 89062B   17315.95368708 -.00000165 +00000-0 +40369-3 0  9994
2 20169 006.7694 091.8658 7192027 113.7482 333.5246 02.26151177198346
0 HIPPARCOS
1 20169U 89062B   17316.83750644 -.00000149  00000-0  45581-3 0  9999
2 20169   6.7708  91.5101 7192039 114.4369 333.0739  2.26151255198290
0 HIPPARCOS
1 20169U 89062B   17317.72131021 -.00000127 +00000-0 +49804-3 0  9998
2 20169 006.7723 091.1541 7192031 115.1268 332.6102 02.26151326198387
0 HIPPARCOS
1 20169U 89062B   17317.72130830 -.00000128 +00000-0 +49589-3 0  9996
2 20169 006.7724 091.1521 7191995 115.1298 332.6079 02.26151307198389
0 HIPPARCOS
1 20169U 89062B   17319.48885407 -.00000096 +00000-0 +42204-3 0  9999
2 20169 006.7753 090.4412 7191987 116.5077 331.6323 02.26151495198427
0 HIPPARCOS
1 20169U 89062B   17319.48885485 -.00000088  00000-0  47634-3 0  9998
2 20169   6.7752  90.4418 7192008 116.5067 331.6330  2.26151516198350
0 HIPPARCOS
1 20169U 89062B   17320.81444922 -.00000097  00000-0  21968-3 0  9996
2 20169   6.7774  89.9076 7191958 117.5416 330.8501  2.26151672198386
0 HIPPARCOS
1 20169U 89062B   17321.69814745 -.00000108 +00000-0 +59486-4 0  9997
2 20169 006.7789 089.5496 7191835 118.2341 330.3022 02.26151789198475
0 HIPPARCOS
1 20169U 89062B   17321.69814928 -.00000103 +00000-0 +92180-4 0  9993
2 20169 006.7789 089.5512 7191882 118.2315 330.3042 02.26151771198470
0 HIPPARCOS
1 20169U 89062B   17323.02365794 -.00000111  00000-0 -94818-6 0  9996
2 20169   6.7811  89.0150 7191711 119.2684 329.4514  2.26151878198437
0 HIPPARCOS
1 20169U 89062B   17323.46548739 -.00000115 +00000-0 -16848-4 0  9995
2 20169 006.7818 088.8390 7191706 119.6101 329.1624 02.26151896198517
0 HIPPARCOS
1 20169U 89062B   17324.34912851 -.00000128  00000-0 -67019-4 0  9993
2 20169   6.7832  88.4808 7191592 120.3019 328.5687  2.26151941198460
0 HIPPARCOS
1 20169U 89062B   17326.11637509 -.00000140  00000-0 -16544-4 0  9995
2 20169   6.7861  87.7679 7191475 121.6801 327.3532  2.26151967198502
0 HIPPARCOS
1 20169U 89062B   17326.55818202 -.00000144 +00000-0 -12330-4 0  9997
2 20169 006.7869 087.5918 7191507 122.0219 327.0458 02.26151943198584
0 HIPPARCOS
1 20169U 89062B   17327.44178392 -.00000162  00000-0 -88316-4 0  9992
2 20169   6.7884  87.2352 7191477 122.7112 326.4210  2.26151902198534
0 HIPPARCOS
1 20169U 89062B   17328.32537532 -.00000193 +00000-0 -28567-3 0  9990
2 20169 006.7900 086.8780 7191466 123.4010 325.7883 02.26151826198629
0 HIPPARCOS
1 20169U 89062B   17328.76716747 -.00000210  00000-0 -40013-3 0  9995
2 20169   6.7908  86.6995 7191461 123.7459 325.4689  2.26151772198562
0 HIPPARCOS
1 20169U 89062B   17329.20895266 -.00000233 +00000-0 -57310-3 0  9992
2 20169 006.7918 086.5175 7191414 124.0951 325.1437 02.26151708198647
0 HIPPARCOS
1 20169U 89062B   17330.53430111 -.00000249  00000-0 -75416-3 0  9998
2 20169   6.7945  85.9829 7191411 125.1285 324.1617  2.26151479198605
0 HIPPARCOS
1 20169U 89062B   17331.85960537 -.00000256 +00000-0 -93682-3 0  9997
2 20169 006.7976 085.4444 7191332 126.1664 323.1420 02.26151224198701
0 HIPPARCOS
1 20169U 89062B   17331.85960537 -.00000256  00000-0 -93682-3 0  9997
2 20169   6.7976  85.4444 7191332 126.1664 323.1420  2.26151224198633
0 HIPPARCOS
1 20169U 89062B   17333.18485013 -.00000202 +00000-0 -73512-3 0  9997
2 20169 006.8011 084.9019 7191174 127.2090 322.0706 02.26151059198669
0 HIPPARCOS
1 20169U 89062B   17334.06831095 -.00000148 +00000-0 -47167-3 0  9996
2 20169 006.8034 084.5425 7191098 127.9011 321.3265 02.26150942198758
0 HIPPARCOS
1 20169U 89062B   17334.51003132 -.00000127  00000-0 -37649-3 0  9990
2 20169   6.8044  84.3649 7191102 128.2444 320.9467  2.26150897198696
0 HIPPARCOS
1 20169U 89062B   17335.39344062 -.00000087 +00000-0 -18387-3 0  9990
2 20169 006.8065 084.0073 7191057 128.9344 320.1607 02.26150811198786
0 HIPPARCOS
1 20169U 89062B   17335.83512656 -.00000065  00000-0 -63950-4 0  9998
2 20169   6.8079  83.8246 7190975 129.2843 319.7520  2.26150787198720
0 HIPPARCOS
1 20169U 89062B   17336.71848546 -.00000042 +00000-0 +74978-4 0  9992
2 20169 006.8100 083.4687 7190980 129.9720 318.9252 02.26150751198811
0 HIPPARCOS
1 20169U 89062B   17337.16014967 -.00000029  00000-0  17276-3 0  9996
2 20169   6.8113  83.2878 7190932 130.3192 318.4992  2.26150753198752
0 HIPPARCOS
1 20169U 89062B   17337.16014618 -.00000021 +00000-0 +22497-3 0  9992
2 20169 006.8114 083.2850 7190891 130.3228 318.4958 02.26150735198827
0 HIPPARCOS
1 20169U 89062B   17338.48510798 -.00000016  00000-0  36499-3 0  9999
2 20169   6.8147  82.7498 7190857 131.3561 317.1939  2.26150796198785
0 HIPPARCOS
1 20169U 89062B   17339.36838798 -.00000036 +00000-0 +35339-3 0  9994
2 20169 006.8171 082.3910 7190784 132.0475 316.3039 02.26150876198879
0 HIPPARCOS
1 20169U 89062B   17339.81001759 -.00000052  00000-0  31853-3 0  9998
2 20169   6.8184  82.2078 7190670 132.3975 315.8505  2.26150944198811
0 HIPPARCOS
1 20169U 89062B   17341.13490713 -.00000093  00000-0  26867-3 0  9992
2 20169   6.8220  81.6724 7190563 133.4305 314.4921  2.26151142198844
0 HIPPARCOS
1 20169U 89062B   17341.13490790 -.00000096 +00000-0 +24641-3 0  9998
2 20169 006.8219 081.6733 7190582 133.4296 314.4929 02.26151131198916
0 HIPPARCOS
1 20169U 89062B   17342.45976662 -.00000119  00000-0  26684-3 0  9996
2 20169   6.8253  81.1378 7190443 134.4628 313.1101  2.26151314198876
0 HIPPARCOS
1 20169U 89062B   17343.34298346 -.00000126 +00000-0 +27100-3 0  9993
2 20169 006.8276 080.7820 7190354 135.1501 312.1707 02.26151412198967
0 HIPPARCOS
1 20169U 89062B   17343.78458355 -.00000126  00000-0  27793-3 0  9997
2 20169   6.8287  80.6047 7190311 135.4930 311.6943  2.26151449198901
0 HIPPARCOS
1 20169U 89062B   17344.22617403 -.00000118 +00000-0 +31790-3 0  9991
2 20169 006.8298 080.4256 7190235 135.8380 311.2099 02.26151494198987
0 HIPPARCOS
1 20169U 89062B   17345.10933628 -.00000096  00000-0  40651-3 0  9990
2 20169   6.8319  80.0737 7190229 136.5207 310.2262  2.26151545198933
0 HIPPARCOS
1 20169U 89062B   17345.10933394 -.00000093 +00000-0 +42960-3 0  9992
2 20169 006.8319 080.0716 7190176 136.5231 310.2242 02.26151546199006
0 HIPPARCOS
1 20169U 89062B   17346.43400357 -.00000053  00000-0  51533-3 0  9999
2 20169   6.8350  79.5446 7190178 137.5463 308.6893  2.26151639198964
0 HIPPARCOS
1 20169U 89062B   17346.43400141 -.00000060 +00000-0 +46737-3 0  9998
2 20169 006.8349 079.5427 7190128 137.5485 308.6877 02.26151627199038
0 HIPPARCOS
1 20169U 89062B   17347.31705884 -.00000044 +00000-0 +41785-3 0  9998
2 20169 006.8370 079.1919 7190142 138.2300 307.6199 02.26151715199050
0 HIPPARCOS
1 20169U 89062B   17347.75856754 -.00000052  00000-0  28833-3 0  9997
2 20169   6.8380  79.0138 7190067 138.5738 307.0702  2.26151751198993
0 HIPPARCOS
1 20169U 89062B   17348.64155675 -.00000047 +00000-0 +18295-3 0  9995
2 20169 006.8401 078.6629 7190070 139.2556 305.9476 02.26151839199080
0 HIPPARCOS
1 20169U 89062B   17349.08303619 -.00000049  00000-0  10911-3 0  9996
2 20169   6.8410  78.4868 7190029 139.5969 305.3740  2.26151870199025
0 HIPPARCOS
1 20169U 89062B   17349.08303383 -.00000051 +00000-0 +96815-4 0  9995
2 20169 006.8410 078.4848 7189969 139.5991 305.3721 02.26151876199091
0 HIPPARCOS
1 20169U 89062B   17349.52450395 -.00000053 +00000-0 +37420-4 0  9999
2 20169 006.8421 078.3098 7189957 139.9390 304.7912 02.26151905199103
0 HIPPARCOS
1 20169U 89062B   17350.40741051 -.00000057  00000-0 -54412-4 0  9995
2 20169   6.8442  77.9578 7189911 140.6219 303.6017  2.26151951199052
0 HIPPARCOS
1 20169U 89062B   17350.40741212 -.00000060 +00000-0 -77319-4 0  9999
2 20169 006.8440 077.9578 7189873 140.6214 303.6032 02.26151960199127
0 HIPPARCOS
1 20169U 89062B   17350.40741096 -.00000062 +00000-0 -85774-4 0  9995
2 20169 006.8440 077.9568 7189851 140.6225 303.6022 02.26151961199124
0 HIPPARCOS
1 20169U 89062B   17351.29028360 -.00000075 +00000-0 -19718-3 0  9993
2 20169 006.8461 077.6055 7189795 141.3043 302.3855 02.26151993199145
0 HIPPARCOS
1 20169U 89062B   17351.73170707 -.00000081  00000-0 -23030-3 0  9994
2 20169   6.8471  77.4274 7189675 141.6474 301.7667  2.26152022199086
0 HIPPARCOS
1 20169U 89062B   17352.17312662 -.00000086 +00000-0 -24561-3 0  9996
2 20169 006.8481 077.2531 7189671 141.9865 301.1446 02.26152021199161
0 HIPPARCOS
1 20169U 89062B   17352.61453655 -.00000090 +00000-0 -25213-3 0  9993
2 20169 006.8492 077.0772 7189640 142.3275 300.5146 02.26152010199173
0 HIPPARCOS
1 20169U 89062B   17353.49733765 -.00000089 +00000-0 -18107-3 0  9995
2 20169 006.8512 076.7235 7189507 143.0108 299.2393 02.26152009199199
0 HIPPARCOS
1 20169U 89062B   17353.49733923 -.00000089  00000-0 -17827-3 0  9999
2 20169   6.8512  76.7248 7189535 143.0092 299.2405  2.26152004199128
0 HIPPARCOS
1 20169U 89062B   17353.93872833 -.00000092 +00000-0 -16952-3 0  9994
2 20169 006.8524 076.5491 7189527 143.3503 298.5935 02.26151983199204
0 HIPPARCOS
1 20169U 89062B   17354.38011505 -.00000096 +00000-0 -16382-3 0  9996
2 20169 006.8534 076.3735 7189491 143.6905 297.9447 02.26151962199212
0 HIPPARCOS
1 20169U 89062B   17354.82149454 -.00000104 +00000-0 -19848-3 0  9990
2 20169 006.8544 076.1976 7189462 144.0309 297.2902 02.26151936199220
0 HIPPARCOS
1 20169U 89062B   17354.82149454 -.00000104  00000-0 -19848-3 0  9990
2 20169   6.8544  76.1976 7189462 144.0309 297.2902  2.26151936199152
0 HIPPARCOS
1 20169U 89062B   17355.70423167 -.00000125 +00000-0 -30060-3 0  9996
2 20169 006.8566 075.8459 7189429 144.7124 295.9633 02.26151870199246
0 HIPPARCOS
1 20169U 89062B   17356.14558842 -.00000135  00000-0 -35744-3 0  9999
2 20169   6.8578  75.6699 7189426 145.0535 295.2901  2.26151828199187
0 HIPPARCOS
1 20169U 89062B   17356.14558846 -.00000142 +00000-0 -41150-3 0  9999
2 20169 006.8577 075.6683 7189392 145.0547 295.2906 02.26151821199250
0 HIPPARCOS
1 20169U 89062B   17356.14558734 -.00000142 +00000-0 -41512-3 0  9997
2 20169 006.8577 075.6676 7189378 145.0554 295.2898 02.26151823199256
0 HIPPARCOS
1 20169U 89062B   17357.46961716 -.00000163  00000-0 -56662-3 0  9996
2 20169   6.8613  75.1418 7189383 146.0760 293.2367  2.26151628199210
0 HIPPARCOS
1 20169U 89062B   17357.46961447 -.00000173 +00000-0 -64155-3 0  9994
2 20169 006.8614 075.1395 7189349 146.0781 293.2351 02.26151613199284
0 HIPPARCOS
1 20169U 89062B   17358.35225656 -.00000194 +00000-0 -83112-3 0  9995
2 20169 006.8640 074.7889 7189340 146.7584 291.8301 02.26151439199303
0 HIPPARCOS
1 20169U 89062B   17358.79356145 -.00000199 +00000-0 -90210-3 0  9993
2 20169 006.8653 074.6131 7189333 147.0992 291.1141 02.26151357199310
0 HIPPARCOS
1 20169U 89062B   17358.79356145 -.00000199  00000-0 -90210-3 0  9993
2 20169   6.8653  74.6131 7189333 147.0992 291.1141  2.26151357199242
0 HIPPARCOS
1 20169U 89062B   17359.67613543 -.00000209 +00000-0 -10552-2 0  9991
2 20169 006.8680 074.2612 7189286 147.7812 289.6526 02.26151171199330
0 HIPPARCOS
1 20169U 89062B   17360.11740151 -.00000199  00000-0 -10291-2 0  9996
2 20169   6.8697  74.0833 7189218 148.1240 288.9043  2.26151104199271
0 HIPPARCOS
1 20169U 89062B   17360.11740038 -.00000199 +00000-0 -10325-2 0  9998
2 20169 006.8697 074.0828 7189206 148.1246 288.9034 02.26151106199348
0 HIPPARCOS
1 20169U 89062B   17361.44112874 -.00000158  00000-0 -90165-3 0  9992
2 20169   6.8740  73.5579 7189165 149.1444 286.6000  2.26150838199304
0 HIPPARCOS
1 20169U 89062B   17361.44112748 -.00000146 +00000-0 -81429-3 0  9992
2 20169 006.8742 073.5559 7189113 149.1459 286.5988 02.26150865199374
0 HIPPARCOS
1 20169U 89062B   17362.32353913 -.00000104 +00000-0 -61911-3 0  9999
2 20169 006.8772 073.2044 7189038 149.8270 285.0021 02.26150733199395
0 HIPPARCOS
1 20169U 89062B   17363.64705122 -.00000049  00000-0 -34968-3 0  9998
2 20169   6.8815  72.6793 7188981 150.8464 282.5207  2.26150580199354
0 HIPPARCOS
1 20169U 89062B   17364.08819211 -.00000020 +00000-0 -15626-3 0  9991
2 20169 006.8833 072.5016 7188908 151.1887 281.6690 02.26150576199433
0 HIPPARCOS
1 20169U 89062B   17364.52932572 -.00000001 +00000-0 -34261-4 0  9992
2 20169 006.8848 072.3270 7188900 151.5278 280.8115 02.26150546199440
