0 INTELSAT 18
1 37834U 11056A   17274.63567694 +.00000042 +00000-0 +00000-0 0  9991
2 37834 000.0157 150.7301 0002093 038.5220 230.1806 01.00273787022044
0 INTELSAT 18
1 37834U 11056A   17275.19825597  .00000042  00000-0  00000+0 0  9991
2 37834   0.0104 138.0709 0002113  53.0431  71.4050  1.00273866 21961
0 INTELSAT 18
1 37834U 11056A   17275.43660403  .00000042  00000-0  00000+0 0  9991
2 37834   0.0200 256.6332 0002102 287.4009 164.5170  1.00269812 21973
0 INTELSAT 18
1 37834U 11056A   17275.57985462 +.00000042 +00000-0 +00000-0 0  9992
2 37834 000.0197 256.5922 0002107 287.8843 215.7849 01.00269797022051
0 INTELSAT 18
1 37834U 11056A   17275.76065953 +.00000042 +00000-0 +00000-0 0  9997
2 37834 000.0191 255.7993 0002100 289.9833 279.7457 01.00269990022060
0 INTELSAT 18
1 37834U 11056A   17276.46369056 +.00000042 +00000-0 +00000-0 0  9996
2 37834 000.0174 253.3324 0002114 294.6704 171.3043 01.00270063022069
0 INTELSAT 18
1 37834U 11056A   17276.85952056 +.00000042 +00000-0 +00000-0 0  9997
2 37834 000.0162 251.6863 0002105 295.9493 314.5589 01.00270270022071
0 INTELSAT 18
1 37834U 11056A   17277.53751072  .00000043  00000-0  00000+0 0  9998
2 37834   0.0144 249.4256 0002139 298.4812 199.0340  1.00271692 21992
0 INTELSAT 18
1 37834U 11056A   17277.53751072 +.00000043 +00000-0 +00000-0 0  9999
2 37834 000.0144 249.4256 0002139 298.4812 199.0340 01.00271692022072
0 INTELSAT 18
1 37834U 11056A   17277.78336678 +.00000043 +00000-0 +00000-0 0  9997
2 37834 000.0136 247.8558 0002141 301.0182 286.8169 01.00271697022084
0 INTELSAT 18
1 37834U 11056A   17278.79841006 +.00000043 +00000-0 +00000-0 0  9995
2 37834 000.0105 243.6505 0002137 307.9747 290.4810 01.00271844022092
0 INTELSAT 18
1 37834U 11056A   17279.42691563  .00000043  00000-0  00000+0 0  9996
2 37834   0.0161 235.0143 0002135 320.6437 153.3289  1.00271886 22018
0 INTELSAT 18
1 37834U 11056A   17279.57814309 +.00000043 +00000-0 +00000-0 0  9998
2 37834 000.0166 233.6673 0002139 322.4545 207.4562 01.00271908022097
0 INTELSAT 18
1 37834U 11056A   17279.77479993 +.00000043 +00000-0 +00000-0 0  9996
2 37834 000.0170 231.7101 0002135 325.0747 277.7837 01.00271938022106
0 INTELSAT 18
1 37834U 11056A   17280.51615185  .00000043  00000-0  00000+0 0  9994
2 37834   0.0192 230.5163 0002137 329.9043 181.7653  1.00272067 22024
0 INTELSAT 18
1 37834U 11056A   17280.76684924 +.00000042 +00000-0 +00000-0 0  9998
2 37834 000.0192 228.2729 0002134 332.9654 271.4461 01.00272106022113
0 INTELSAT 18
1 37834U 11056A   17281.45396706  .00000041  00000-0  00000+0 0  9991
2 37834   0.0195 215.5743 0002119 356.3310 148.7883  1.00271386 22037
0 INTELSAT 18
1 37834U 11056A   17281.77549317  .00000041  00000-0  00000+0 0  9994
2 37834   0.0013 187.4050 0002107  24.0021 265.3849  1.00272256 22034
0 INTELSAT 18
1 37834U 11056A   17282.51159027  .00000039  00000-0  00000+0 0  9999
2 37834   0.0176 208.3522 0002080   6.0528 168.0784  1.00271762 22042
0 INTELSAT 18
1 37834U 11056A   17282.61536845 +.00000039 +00000-0 +00000-0 0  9998
2 37834 000.0177 207.5422 0002080 007.1162 205.2879 01.00271797022125
0 INTELSAT 18
1 37834U 11056A   17283.51507576  .00000036  00000-0  00000+0 0  9993
2 37834   0.0165 199.8257 0002037  16.5571 168.3488  1.00272062 22054
0 INTELSAT 18
1 37834U 11056A   17283.68382660 +.00000036 +00000-0 +00000-0 0  9997
2 37834 000.0168 198.8832 0002031 017.4583 229.3078 01.00272111022139
0 INTELSAT 18
1 37834U 11056A   17284.40475762 +.00000034 +00000-0 +00000-0 0  9992
2 37834 000.0163 192.9236 0001997 024.3169 128.6585 01.00272290022147
0 INTELSAT 18
1 37834U 11056A   17284.78590861  .00000033  00000-0  00000+0 0  9999
2 37834   0.0166 190.1529 0001982  27.7987 265.5402  1.00272373 22066
0 INTELSAT 18
1 37834U 11056A   17285.47965736 +.00000031 +00000-0 +00000-0 0  9992
2 37834 000.0168 184.3897 0001951 034.8925 154.6474 01.00272518022156
0 INTELSAT 18
1 37834U 11056A   17285.76087606  .00000030  00000-0  00000+0 0  9993
2 37834   0.0185 169.0621 0001934  50.9695 255.4384  1.00273630 22071
0 INTELSAT 18
1 37834U 11056A   17286.43216961 +.00000029 +00000-0 +00000-0 0  9995
2 37834 000.0178 162.3821 0001920 056.7825 138.6369 01.00273863022168
0 INTELSAT 18
1 37834U 11056A   17286.78817030  .00000027  00000-0  00000+0 0  9994
2 37834   0.0168 158.9909 0001857  46.7104 280.5921  1.00267594 22089
0 INTELSAT 18
1 37834U 11056A   17287.46063400 +.00000026 +00000-0 +00000-0 0  9994
2 37834 000.0177 171.7059 0001918 032.4556 164.8731 01.00268065022176
0 INTELSAT 18
1 37834U 11056A   17287.64615316 +.00000026 +00000-0 +00000-0 0  9993
2 37834 000.0169 166.8600 0001902 038.0367 231.1049 01.00268090022177
0 INTELSAT 18
1 37834U 11056A   17287.89910831  .00000026  00000-0  00000+0 0  9999
2 37834   0.0167 163.9591 0001892  41.3036 322.0486  1.00268150 22093
0 INTELSAT 18
1 37834U 11056A   17288.55664416 +.00000026 +00000-0 +00000-0 0  9999
2 37834 000.0131 139.0029 0001861 067.0082 198.6523 01.00268397022188
0 INTELSAT 18
1 37834U 11056A   17288.72948628  .00000026  00000-0  00000+0 0  9997
2 37834   0.0127 136.4992 0001850  68.6267 261.9294  1.00268527 22109
0 INTELSAT 18
1 37834U 11056A   17289.45353604 +.00000027 +00000-0 +00000-0 0  9994
2 37834 000.0183 123.9369 0001832 081.0478 163.4335 01.00268838022199
0 INTELSAT 18
1 37834U 11056A   17289.84771566  .00000028  00000-0  00000+0 0  9998
2 37834   0.0176 262.9732 0001908 312.5161 295.2393  1.00274322 22119
0 INTELSAT 18
1 37834U 11056A   17290.56319309 +.00000030 +00000-0 +00000-0 0  9996
2 37834 000.0156 262.2485 0001889 313.7540 193.0089 01.00274537022202
0 INTELSAT 18
1 37834U 11056A   17290.72896337 +.00000030 +00000-0 +00000-0 0  9995
2 37834 000.0152 261.7587 0001878 313.6661 253.4292 01.00274632022210
0 INTELSAT 18
1 37834U 11056A   17291.51299321  .00000033  00000-0  00000+0 0  9995
2 37834   0.0134 260.2897 0001871 315.7700 175.8256  1.00274951 22130
0 INTELSAT 18
1 37834U 11056A   17291.72896674 +.00000033 +00000-0 +00000-0 0  9993
2 37834 000.0127 260.1481 0001855 315.3145 254.3886 01.00275062022227
0 INTELSAT 18
1 37834U 11056A   17292.49771882 +.00000036 +00000-0 +00000-0 0  9994
2 37834 000.0110 259.1605 0001853 316.7557 171.4523 01.00275368022221
0 INTELSAT 18
1 37834U 11056A   17292.71785437  .00000036  00000-0  00000+0 0  9999
2 37834   0.0110 255.8349 0001837 319.0140 251.9883  1.00275486 22140
0 INTELSAT 18
1 37834U 11056A   17293.72896360  .00000039  00000-0  00000+0 0  9992
2 37834   0.0144 254.4260 0001721 311.8623 265.5406  1.00271641 22154
0 INTELSAT 18
1 37834U 11056A   17294.72896490  .00000041  00000-0  00000+0 0  9990
2 37834   0.0166 252.4577 0001722 313.6768 266.6784  1.00271793 22168
0 INTELSAT 18
1 37834U 11056A   17295.58729760 +.00000043 +00000-0 +00000-0 0  9993
2 37834 000.0183 252.0296 0001803 313.8507 216.7757 01.00271637022257
0 INTELSAT 18
1 37834U 11056A   17295.73382514  .00000044  00000-0  00000+0 0  9992
2 37834   0.0182 251.0090 0001806 313.8289 270.7124  1.00271726 22175
0 INTELSAT 18
1 37834U 11056A   17296.51091010 +.00000045 +00000-0 +00000-0 0  9999
2 37834 000.0203 250.9340 0001813 314.9340 190.1982 01.00271949022267
0 INTELSAT 18
1 37834U 11056A   17296.63174361  .00000045  00000-0  00000+0 0  9992
2 37834   0.0178 247.5720 0001879 320.3433 231.7388  1.00270455 22182
0 INTELSAT 18
1 37834U 11056A   17296.70326965 +.00000045 +00000-0 +00000-0 0  9990
2 37834 000.0177 247.9935 0001884 320.0338 257.4465 01.00270475022273
0 INTELSAT 18
1 37834U 11056A   17297.58521525 +.00000046 +00000-0 +00000-0 0  9997
2 37834 000.0154 244.6430 0001909 324.9560 214.2443 01.00270708022276
0 INTELSAT 18
1 37834U 11056A   17297.63313262  .00000046  00000-0  00000+0 0  9999
2 37834   0.0154 244.6063 0001912 324.0200 232.5147  1.00270731 22195
0 INTELSAT 18
1 37834U 11056A   17298.73382698  .00000048  00000-0  00000+0 0  9992
2 37834   0.0132 239.8484 0001959 330.1604 268.4684  1.00270981 22204
0 INTELSAT 18
1 37834U 11056A   17299.38660378 +.00000048 +00000-0 +00000-0 0  9999
2 37834 000.0119 235.7547 0001988 335.2535 143.1133 01.00271109022295
0 INTELSAT 18
1 37834U 11056A   17299.59702264 +.00000048 +00000-0 +00000-0 0  9993
2 37834 000.0118 232.8285 0001995 338.5163 218.7356 01.00271158022292
0 INTELSAT 18
1 37834U 11056A   17300.52250848  .00000049  00000-0  00000+0 0  9995
2 37834   0.0107 225.8701 0002045 348.1450 190.1549  1.00271290 22225
0 INTELSAT 18
1 37834U 11056A   17300.74980012 +.00000049 +00000-0 +00000-0 0  9993
2 37834 000.0107 225.2331 0002061 349.3589 271.6278 01.00271315022314
0 INTELSAT 18
1 37834U 11056A   17301.50674381  .00000051  00000-0  00000+0 0  9999
2 37834   0.0121 218.6001 0002083 357.0137 183.8902  1.00273082 22231
0 INTELSAT 18
1 37834U 11056A   17301.55257799 +.00000051 +00000-0 +00000-0 0  9995
2 37834 000.0122 218.0331 0002087 357.8627 200.1537 01.00273098022311
0 INTELSAT 18
1 37834U 11056A   17301.73313220 +.00000051 +00000-0 +00000-0 0  9997
2 37834 000.0120 218.0190 0002107 358.1339 265.0753 01.00273118022323
0 INTELSAT 18
1 37834U 11056A   17302.50153743 +.00000051 +00000-0 +00000-0 0  9995
2 37834 000.0108 211.3627 0002132 006.3594 180.8934 01.00273212022323
0 INTELSAT 18
1 37834U 11056A   17302.77423098  .00000052  00000-0  00000+0 0  9997
2 37834   0.0105 214.1467 0002136   3.4129 279.4954  1.00273323 22240
0 INTELSAT 18
1 37834U 11056A   17303.68382622  .00000052  00000-0  00000+0 0  9995
2 37834   0.0177 273.3842 0002008 300.3439 251.6709  1.00270671 22258
0 INTELSAT 18
1 37834U 11056A   17304.56993917 +.00000052 +00000-0 +00000-0 0  9999
2 37834 000.0158 273.0022 0002040 304.8184 207.4478 01.00270652022347
0 INTELSAT 18
1 37834U 11056A   17304.72966028  .00000053  00000-0  00000+0 0  9990
2 37834   0.0152 274.2225 0002045 303.1914 265.5111  1.00270731 22265
0 INTELSAT 18
1 37834U 11056A   17305.46854834 +.00000053 +00000-0 +00000-0 0  9994
2 37834 000.0135 274.9284 0002077 304.8367 169.8845 01.00270819022350
0 INTELSAT 18
1 37834U 11056A   17305.73035394 +.00000053 +00000-0 +00000-0 0  9996
2 37834 000.0129 275.3778 0002083 305.2386 263.5407 01.00270883022277
0 INTELSAT 18
1 37834U 11056A   17306.49007802 +.00000053 +00000-0 +00000-0 0  9993
2 37834 000.0111 275.6398 0002118 307.1555 175.6086 01.00271000022365
0 INTELSAT 18
1 37834U 11056A   17306.57688380 +.00000053 +00000-0 +00000-0 0  9998
2 37834 000.0109 275.9069 0002119 307.0544 206.7781 01.00271016022363
0 INTELSAT 18
1 37834U 11056A   17307.50740552  .00000053  00000-0  00000+0 0  9991
2 37834   0.0135 271.8423 0002154 314.4964 179.3031  1.00271174 22298
0 INTELSAT 18
1 37834U 11056A   17307.55948729 +.00000053 +00000-0 +00000-0 0  9993
2 37834 000.0133 273.7910 0002156 312.6317 198.0197 01.00271180022379
0 INTELSAT 18
1 37834U 11056A   17307.79771782 +.00000053 +00000-0 +00000-0 0  9992
2 37834 000.0136 271.1606 0002158 316.2653 283.0138 01.00271212022388
0 INTELSAT 18
1 37834U 11056A   17308.54638995 +.00000052 +00000-0 +00000-0 0  9993
2 37834 000.0152 274.3716 0002189 315.7423 190.5838 01.00271348022385
0 INTELSAT 18
1 37834U 11056A   17308.68382642  .00000052  00000-0  00000+0 0  9992
2 37834   0.0150 276.7015 0002190 313.8571 239.7516  1.00271370 22302
0 INTELSAT 18
1 37834U 11056A   17309.54525323 +.00000050 +00000-0 +00000-0 0  9992
2 37834 000.0173 277.1692 0002213 316.4098 187.6925 01.00271559022395
0 INTELSAT 18
1 37834U 11056A   17309.73035344  .00000050  00000-0  00000+0 0  9991
2 37834   0.0173 276.5287 0002211 317.6183 253.9431  1.00271598 22318
0 INTELSAT 18
1 37834U 11056A   17310.56936722 +.00000048 +00000-0 +00000-0 0  9992
2 37834 000.0195 284.1983 0002245 316.1755 190.5879 01.00271772022402
0 INTELSAT 18
1 37834U 11056A   17310.72479817 +.00000047 +00000-0 +00000-0 0  9996
2 37834 000.0190 283.5040 0002234 316.5717 246.9939 01.00271871022418
0 INTELSAT 18
1 37834U 11056A   17310.87341159  .00000047  00000-0  00000+0 0  9998
2 37834   0.0188 282.3724 0002233 318.0201 300.3246  1.00271902 22326
0 INTELSAT 18
1 37834U 11056A   17311.49116330  .00000045  00000-0  00000+0 0  9996
2 37834   0.0133 286.8464 0002211 318.6659 158.1707  1.00271548 22333
0 INTELSAT 18
1 37834U 11056A   17311.50920201 +.00000045 +00000-0 +00000-0 0  9999
2 37834 000.0133 286.6661 0002212 318.9739 164.5548 01.00271552022411
0 INTELSAT 18
1 37834U 11056A   17311.68382622 +.00000044 +00000-0 +00000-0 0  9996
2 37834 000.0132 286.7723 0002210 319.0427 227.4173 01.00271600022422
0 INTELSAT 18
1 37834U 11056A   17312.52757853  .00000042  00000-0  00000+0 0  9999
2 37834   0.0104 288.5348 0002167 319.2841 169.9991  1.00271791 22347
0 INTELSAT 18
1 37834U 11056A   17312.58518115 +.00000042 +00000-0 +00000-0 0  9992
2 37834 000.0104 288.0162 0002168 320.0325 190.5633 01.00271804022421
0 INTELSAT 18
1 37834U 11056A   17312.64651801 +.00000042 +00000-0 +00000-0 0  9999
2 37834 000.0104 288.0647 0002163 319.9448 212.7446 01.00271821022436
0 INTELSAT 18
1 37834U 11056A   17313.41369068  .00000040  00000-0  00000+0 0  9993
2 37834   0.0130 289.5055 0002133 318.7098 129.5083  1.00272850 22355
0 INTELSAT 18
1 37834U 11056A   17313.60155361 +.00000039 +00000-0 +00000-0 0  9992
2 37834 000.0120 288.1911 0002130 320.7303 196.6188 01.00272926022433
0 INTELSAT 18
1 37834U 11056A   17314.48521785  .00000038  00000-0  00000+0 0  9994
2 37834   0.0086 296.6242 0002097 312.3824 155.5274  1.00273246 22360
0 INTELSAT 18
1 37834U 11056A   17314.57896391 +.00000038 +00000-0 +00000-0 0  9993
2 37834 000.0088 293.3948 0002094 315.8203 189.1604 01.00273287022449
0 INTELSAT 18
1 37834U 11056A   17314.82757700 +.00000038 +00000-0 +00000-0 0  9991
2 37834 000.0088 298.5403 0002087 310.8191 278.7630 01.00273398022453
0 INTELSAT 18
1 37834U 11056A   17315.14215991 +.00000037 +00000-0 +00000-0 0  9997
2 37834 000.0044 309.3505 0002069 300.3865 031.9467 01.00273550022458
0 INTELSAT 18
1 37834U 11056A   17315.59337708  .00000036  00000-0  00000+0 0  9995
2 37834   0.0058  80.4738 0002010 161.2219 202.8423  1.00268552 22379
0 INTELSAT 18
1 37834U 11056A   17315.74897479 +.00000036 +00000-0 +00000-0 0  9999
2 37834 000.0032 080.4343 0001998 165.2880 254.9814 01.00268678022466
0 INTELSAT 18
1 37834U 11056A   17317.63799381  .00000039  00000-0  00000+0 0  9994
2 37834   0.0101 256.3867 0002371 334.1218 232.1108  1.00273096 22392
0 INTELSAT 18
1 37834U 11056A   17318.44424571  .00000041  00000-0  00000+0 0  9993
2 37834   0.0125 285.4693 0002067 323.7002 144.5017  1.00273705 22409
0 INTELSAT 18
1 37834U 11056A   17318.54007097 +.00000042 +00000-0 +00000-0 0  9996
2 37834 000.0123 285.1009 0002072 324.2164 178.9460 01.00273773022482
0 INTELSAT 18
1 37834U 11056A   17318.62754483 +.00000042 +00000-0 +00000-0 0  9993
2 37834 000.0122 285.3148 0002043 322.9146 211.6118 01.00273887022492
0 INTELSAT 18
1 37834U 11056A   17319.50809954  .00000045  00000-0  00000+0 0  9997
2 37834   0.0103 286.8332 0002005 320.7194 170.1629  1.00274271 22415
0 INTELSAT 18
1 37834U 11056A   17319.55760111 +.00000045 +00000-0 +00000-0 0  9994
2 37834 000.0103 286.8319 0001989 320.3422 188.4115 01.00274332022498
0 INTELSAT 18
1 37834U 11056A   17319.83726501 +.00000045 +00000-0 +00000-0 0  9990
2 37834 000.0107 280.5976 0001972 326.4073 289.5379 01.00274443022503
0 INTELSAT 18
1 37834U 11056A   17320.52545965 +.00000048 +00000-0 +00000-0 0  9994
2 37834 000.0129 292.5130 0001956 315.3823 177.0816 01.00274657022508
0 INTELSAT 18
1 37834U 11056A   17320.73032025  .00000048  00000-0  00000+0 0  9994
2 37834   0.0126 292.8734 0001945 315.5188 250.5386  1.00274735 22429
0 INTELSAT 18
1 37834U 11056A   17321.40170840 +.00000050 +00000-0 +00000-0 0  9991
2 37834 000.0147 292.2781 0001921 313.5372 135.4849 01.00275068022510
0 INTELSAT 18
1 37834U 11056A   17322.22654910  .00000052  00000-0  00000+0 0  9998
2 37834   0.0148 305.1904 0001784 294.6188  79.2313  1.00271001 22438
0 INTELSAT 18
1 37834U 11056A   17322.51973147 +.00000052 +00000-0 +00000-0 0  9997
2 37834 000.0170 303.1770 0001790 296.5770 185.1202 01.00271169022526
0 INTELSAT 18
1 37834U 11056A   17322.76978160 +.00000053 +00000-0 +00000-0 0  9995
2 37834 000.0157 304.7074 0001798 294.4376 275.9927 01.00271237022531
0 INTELSAT 18
1 37834U 11056A   17323.46855024  .00000054  00000-0  00000+0 0  9996
2 37834   0.0184 301.0287 0001793 298.7181 167.6345  1.00271396 22451
0 INTELSAT 18
1 37834U 11056A   17323.53092789 +.00000054 +00000-0 +00000-0 0  9996
2 37834 000.0187 302.3521 0001791 297.2649 190.2815 01.00271416022536
0 INTELSAT 18
1 37834U 11056A   17323.78012310 +.00000055 +00000-0 +00000-0 0  9996
2 37834 000.0184 306.1163 0001794 294.1926 279.5446 01.00271437022549
0 INTELSAT 18
1 37834U 11056A   17324.57094358  .00000056  00000-0  00000+0 0  9996
2 37834   0.0159 300.7328 0001803 299.9676 204.6268  1.00271682 22464
0 INTELSAT 18
1 37834U 11056A   17324.73521532 +.00000056 +00000-0 +00000-0 0  9994
2 37834 000.0179 303.3293 0001806 297.2533 264.0440 01.00271726022553
0 INTELSAT 18
1 37834U 11056A   17325.74729292  .00000057  00000-0  00000+0 0  9999
2 37834   0.0188 322.1751 0001827 279.2404 268.5560  1.00272007 22477
0 INTELSAT 18
1 37834U 11056A   17326.46438128 +.00000058 +00000-0 +00000-0 0  9996
2 37834 000.0175 328.0757 0001845 274.1754 166.5794 01.00272208022565
0 INTELSAT 18
1 37834U 11056A   17326.75739146  .00000058  00000-0  00000+0 0  9991
2 37834   0.0173 330.0532 0001862 272.3597 272.1903  1.00272279 22486
0 INTELSAT 18
1 37834U 11056A   17327.55532280 +.00000059 +00000-0 +00000-0 0  9992
2 37834 000.0164 337.3008 0001889 266.4635 198.8818 01.00272474022587
0 INTELSAT 18
1 37834U 11056A   17327.70290628 +.00000059 +00000-0 +00000-0 0  9996
2 37834 000.0164 338.5523 0001900 265.2538 252.1159 01.00272508022585
0 INTELSAT 18
1 37834U 11056A   17328.22249243  .00000059  00000-0  00000+0 0  9990
2 37834   0.0163 343.6061 0001916 260.6843  79.1956  1.00272621 22491
0 INTELSAT 18
1 37834U 11056A   17328.51834375 +.00000059 +00000-0 +00000-0 0  9999
2 37834 000.0160 347.1954 0001933 257.6052 185.4845 01.00272693022582
0 INTELSAT 18
1 37834U 11056A   17328.78167887 +.00000060 +00000-0 +00000-0 0  9997
2 37834 000.0163 351.7040 0001955 253.3884 280.2535 01.00272742022598
0 INTELSAT 18
1 37834U 11056A   17329.51157185  .00000060  00000-0  00000+0 0  9998
2 37834   0.0161   1.5484 0001987 244.4530 182.8276  1.00272893 22510
0 INTELSAT 18
1 37834U 11056A   17329.72959508 +.00000060 +00000-0 +00000-0 0  9991
2 37834 000.0161 003.0070 0002010 243.4935 261.0325 01.00272928022608
0 INTELSAT 18
1 37834U 11056A   17330.36423497  .00000061  00000-0  00000+0 0  9996
2 37834   0.0153  38.2712 0002041 209.2611 129.0988  1.00273032 22523
0 INTELSAT 18
1 37834U 11056A   17330.56646330 +.00000061 +00000-0 +00000-0 0  9992
2 37834 000.0172 045.4164 0002057 202.5991 201.6181 01.00273068022610
0 INTELSAT 18
1 37834U 11056A   17330.74172944 +.00000061 +00000-0 +00000-0 0  9997
2 37834 000.0173 045.5426 0002076 202.8900 264.4702 01.00273090022618
0 INTELSAT 18
1 37834U 11056A   17331.46716177  .00000061  00000-0  00000+0 0  9998
2 37834   0.0161 292.8170 0002007 316.0517 165.9006  1.00270854 22532
0 INTELSAT 18
1 37834U 11056A   17331.81258358 +.00000062 +00000-0 +00000-0 0  9991
2 37834 000.0154 294.3336 0002020 313.9276 291.1998 01.00271198022622
0 INTELSAT 18
1 37834U 11056A   17332.47479985  .00000062  00000-0  00000+0 0  9994
2 37834   0.0140 295.5097 0002051 313.4715 169.5285  1.00271215 22549
0 INTELSAT 18
1 37834U 11056A   17332.61712691 +.00000062 +00000-0 +00000-0 0  9995
2 37834 000.0138 296.1057 0002062 313.2038 220.5779 01.00271236022636
0 INTELSAT 18
1 37834U 11056A   17333.50646583 +.00000062 +00000-0 +00000-0 0  9990
2 37834 000.0118 299.1410 0002124 312.9098 178.8727 01.00271303022634
0 INTELSAT 18
1 37834U 11056A   17333.57896559 +.00000062 +00000-0 +00000-0 0  9997
2 37834 000.0117 299.5524 0002130 312.7771 204.7653 01.00271300022551
0 INTELSAT 18
1 37834U 11056A   17334.57827390 +.00000062 +00000-0 +00000-0 0  9995
2 37834 000.0121 313.7744 0002199 301.5466 202.5073 01.00271397022650
0 INTELSAT 18
1 37834U 11056A   17334.62059792  .00000062  00000-0  00000+0 0  9993
2 37834   0.0122 313.0884 0002204 302.5089 217.5093  1.00271399 22568
0 INTELSAT 18
1 37834U 11056A   17335.56060094 +.00000061 +00000-0 +00000-0 0  9994
2 37834 000.0145 319.7969 0002272 298.8398 193.7959 01.00271531022660
0 INTELSAT 18
1 37834U 11056A   17335.65726545  .00000061  00000-0  00000+0 0  9993
2 37834   0.0135 326.1881 0002287 293.6505 227.4881  1.00271516 22575
0 INTELSAT 18
1 37834U 11056A   17336.51434792 +.00000060 +00000-0 +00000-0 0  9999
2 37834 000.0163 326.4058 0002349 296.1731 174.1412 01.00271673022676
0 INTELSAT 18
1 37834U 11056A   17336.62615435 +.00000060 +00000-0 +00000-0 0  9996
2 37834 000.0151 331.4841 0002338 290.0906 215.5065 01.00271724022675
0 INTELSAT 18
1 37834U 11056A   17336.85188205  .00000059  00000-0  00000+0 0  9998
2 37834   0.0151 332.4050 0002342 289.9509 296.2096  1.00271768 22587
0 INTELSAT 18
1 37834U 11056A   17337.63160130 +.00000057 +00000-0 +00000-0 0  9991
2 37834 000.0166 334.5833 0002390 290.0269 215.4228 01.00271940022687
0 INTELSAT 18
1 37834U 11056A   17338.14146726  .00000056  00000-0  00000+0 0  9991
2 37834   0.0116 311.1557 0002395 314.8171  38.1144  1.00272078 22598
0 INTELSAT 18
1 37834U 11056A   17338.53822618 +.00000054 +00000-0 +00000-0 0  9994
2 37834 000.0148 320.7342 0002422 306.2737 180.3042 01.00272185022692
0 INTELSAT 18
1 37834U 11056A   17338.62546102 +.00000054 +00000-0 +00000-0 0  9995
2 37834 000.0149 321.2560 0002422 305.9996 211.5474 01.00272207022695
0 INTELSAT 18
1 37834U 11056A   17339.10882574  .00000053  00000-0  00000+0 0  9993
2 37834   0.0172 328.7984 0002419 299.7451  24.7475  1.00272351 22601
0 INTELSAT 18
1 37834U 11056A   17339.52479841 +.00000051 +00000-0 +00000-0 0  9997
2 37834 000.0175 345.3411 0002442 285.0518 173.0594 01.00272490022707
0 INTELSAT 18
1 37834U 11056A   17339.61785469  .00000051  00000-0  00000+0 0  9992
2 37834   0.0174 345.5383 0002445 285.2238 206.2823  1.00272540 22610
0 INTELSAT 18
1 37834U 11056A   17340.48246326 +.00000048 +00000-0 +00000-0 0  9990
2 37834 000.0183 358.8310 0002438 273.4217 156.9053 01.00272800022700
0 INTELSAT 18
1 37834U 11056A   17340.55824608 +.00000048 +00000-0 +00000-0 0  9993
2 37834 000.0181 358.9269 0002438 273.4851 184.1029 01.00272830022716
0 INTELSAT 18
1 37834U 11056A   17341.19662449  .00000046  00000-0  00000+0 0  9994
2 37834   0.0167   0.0952 0002408 273.2061  53.6616  1.00273079 22620
0 INTELSAT 18
1 37834U 11056A   17341.51098437 +.00000046 +00000-0 +00000-0 0  9991
2 37834 000.0159 006.0727 0002409 268.1016 166.2695 01.00273197022721
0 INTELSAT 18
1 37834U 11056A   17341.74799823 +.00000045 +00000-0 +00000-0 0  9992
2 37834 000.0155 007.4199 0002389 266.8621 251.7220 01.00273300022729
0 INTELSAT 18
1 37834U 11056A   17342.22618839  .00000045  00000-0  00000+0 0  9992
2 37834   0.0130  16.8342 0002370 258.2915  63.5004  1.00273498 22634
0 INTELSAT 18
1 37834U 11056A   17342.58799341  .00000044  00000-0  00000+0 0  9998
2 37834   0.0105  31.2208 0002353 239.7288 198.2763  1.00271474 22647
0 INTELSAT 18
1 37834U 11056A   17343.49077017  .00000043  00000-0  00000+0 0  9997
2 37834   0.0143  47.3588 0002262 226.9023 160.8500  1.00270974 22651
0 INTELSAT 18
1 37834U 11056A   17343.49077017 +.00000043 +00000-0 +00000-0 0  9998
2 37834 000.0143 047.3588 0002262 226.9023 160.8500 01.00270974022730
0 INTELSAT 18
1 37834U 11056A   17344.51782119 +.00000044 +00000-0 +00000-0 0  9999
2 37834 000.0185 059.7848 0002162 213.3158 172.7601 01.00271620022665
0 INTELSAT 18
1 37834U 11056A   17344.83309934 +.00000045 +00000-0 +00000-0 0  9995
2 37834 000.0194 061.2386 0002173 212.5548 285.8775 01.00271755022753
0 INTELSAT 18
1 37834U 11056A   17345.29632678 +.00000046 +00000-0 +00000-0 0  9991
2 37834 000.0212 065.3341 0002147 208.4676 093.0875 01.00271967022752
0 INTELSAT 18
1 37834U 11056A   17346.47476626 +.00000048 +00000-0 +00000-0 0  9993
2 37834 000.0113 317.5435 0002097 322.1752 152.5691 01.00272460022768
0 INTELSAT 18
1 37834U 11056A   17346.58625720 +.00000049 +00000-0 +00000-0 0  9997
2 37834 000.0127 321.3028 0002082 318.2633 192.9689 01.00272564022773
0 INTELSAT 18
1 37834U 11056A   17347.46295913  .00000051  00000-0  00000+0 0  9994
2 37834   0.0151 327.4986 0002029 312.5265 148.9888  1.00272924 22692
0 INTELSAT 18
1 37834U 11056A   17347.51087659 +.00000051 +00000-0 +00000-0 0  9997
2 37834 000.0154 327.9797 0002022 311.9197 166.4123 01.00272954022780
0 INTELSAT 18
1 37834U 11056A   17347.63865525 +.00000052 +00000-0 +00000-0 0  9997
2 37834 000.0158 331.6053 0002038 311.1814 209.6507 01.00272855022782
0 INTELSAT 18
1 37834U 11056A   17348.58379285 +.00000054 +00000-0 +00000-0 0  9997
2 37834 000.0178 339.5951 0002000 304.4055 189.6215 01.00273236022797
0 INTELSAT 18
1 37834U 11056A   17348.63243802  .00000054  00000-0  00000+0 0  9997
2 37834   0.0176 340.6084 0001992 303.1596 207.4148  1.00273269 22701
0 INTELSAT 18
1 37834U 11056A   17349.44578219 +.00000056 +00000-0 +00000-0 0  9993
2 37834 000.0184 344.4229 0001979 300.8376 139.5316 01.00273552022794
0 INTELSAT 18
1 37834U 11056A   17349.56854880 +.00000056 +00000-0 +00000-0 0  9997
2 37834 000.0191 346.0773 0001879 297.2846 185.7435 01.00272080022806
0 INTELSAT 18
1 37834U 11056A   17349.56854880  .00000056  00000-0  00000+0 0  9996
2 37834   0.0191 346.0773 0001879 297.2846 185.7435  1.00272080 22716
0 INTELSAT 18
1 37834U 11056A   17350.48582024  .00000058  00000-0  00000+0 0  9999
2 37834   0.0019 358.4522 0001819 286.2974 155.4783  1.00272469 22720
0 INTELSAT 18
1 37834U 11056A   17350.55906135 +.00000058 +00000-0 +00000-0 0  9991
2 37834 000.0199 353.0114 0001834 291.5313 182.1244 01.00272466022816
0 INTELSAT 18
1 37834U 11056A   17350.72748779 +.00000058 +00000-0 +00000-0 0  9998
2 37834 000.0182 356.9133 0001833 284.3163 246.2385 01.00272651022817
0 INTELSAT 18
1 37834U 11056A   17351.10257480  .00000059  00000-0  00000+0 0  9995
2 37834   0.0135 359.6676 0001795 280.2958  22.9065  1.00272847 22722
0 INTELSAT 18
1 37834U 11056A   17351.50037263 +.00000059 +00000-0 +00000-0 0  9995
2 37834 000.0162 336.6365 0001826 303.8006 166.0337 01.00272926022824
0 INTELSAT 18
1 37834U 11056A   17351.61504425 +.00000059 +00000-0 +00000-0 0  9996
2 37834 000.0181 005.0384 0001824 275.5704 207.2569 01.00272916022825
0 INTELSAT 18
1 37834U 11056A   17352.41851450  .00000060  00000-0  00000+0 0  9999
2 37834   0.0180 355.7715 0001798 284.7037 137.4340  1.00273097 22741
0 INTELSAT 18
1 37834U 11056A   17352.54837667 +.00000060 +00000-0 +00000-0 0  9998
2 37834 000.0181 352.9253 0001804 287.4743 184.3882 01.00273088022832
0 INTELSAT 18
1 37834U 11056A   17352.60743789 +.00000060 +00000-0 +00000-0 0  9996
2 37834 000.0179 352.7799 0001815 288.5381 204.7899 01.00273059022837
0 INTELSAT 18
1 37834U 11056A   17353.42684899  .00000061  00000-0  00000+0 0  9993
2 37834   0.0184   4.9832 0001788 272.2967 144.6277  1.00273342 22754
0 INTELSAT 18
1 37834U 11056A   17353.61715824  .00000061  00000-0  00000+0 0  9997
2 37834   0.0278 295.0098 0001793 352.3175 203.2724  1.00271832 22753
0 INTELSAT 18
1 37834U 11056A   17354.13934863 +.00000061 +00000-0 +00000-0 0  9992
2 37834 000.0267 296.0042 0001825 350.8750 032.2250 01.00272583022847
0 INTELSAT 18
1 37834U 11056A   17354.49424340 +.00000061 +00000-0 +00000-0 0  9995
2 37834 000.0261 296.4350 0001844 350.6668 160.1156 01.00272704022856
0 INTELSAT 18
1 37834U 11056A   17354.61365434 +.00000061 +00000-0 +00000-0 0  9997
2 37834 000.0258 296.9182 0001850 350.7052 202.7001 01.00272772022852
0 INTELSAT 18
1 37834U 11056A   17355.36018185  .00000062  00000-0  00000+0 0  9998
2 37834   0.0242 298.3335 0001872 350.0330 111.4450  1.00272960 22771
0 INTELSAT 18
1 37834U 11056A   17355.60809840 +.00000062 +00000-0 +00000-0 0  9992
2 37834 000.0237 299.0861 0001889 348.8765 201.3442 01.00273019022868
0 INTELSAT 18
1 37834U 11056A   17356.49896469  .00000062  00000-0  00000+0 0  9992
2 37834   0.0218 301.1101 0001767 338.1759 171.6067  1.00270014 22784
0 INTELSAT 18
1 37834U 11056A   17356.60740351 +.00000062 +00000-0 +00000-0 0  9994
2 37834 000.0215 301.7106 0001802 338.4478 209.8780 01.00269989022878
0 INTELSAT 18
1 37834U 11056A   17357.50835934  .00000062  00000-0  00000+0 0  9995
2 37834   0.0194 304.2898 0001854 336.6111 174.3613  1.00270129 22791
0 INTELSAT 18
1 37834U 11056A   17357.57787531 +.00000062 +00000-0 +00000-0 0  9992
2 37834 000.0193 304.7002 0001882 334.8319 200.8241 01.00270302022888
0 INTELSAT 18
1 37834U 11056A   17358.53657091 +.00000063 +00000-0 +00000-0 0  9997
2 37834 000.0165 308.0232 0001958 333.5586 184.8433 01.00270366022890
0 INTELSAT 18
1 37834U 11056A   17358.61854865  .00000063  00000-0  00000+0 0  9993
2 37834   0.0163 308.7313 0001978 333.6810 213.6048  1.00270345 22809
0 INTELSAT 18
1 37834U 11056A   17359.61507653 +.00000063 +00000-0 +00000-0 0  9995
2 37834 000.0137 314.1985 0002054 328.6684 212.8769 01.00270488022905
0 INTELSAT 18
1 37834U 11056A   17360.09768167  .00000063  00000-0  00000+0 0  9997
2 37834   0.0125 317.5843 0002095 326.9298  25.4398  1.00270486 22813
0 INTELSAT 18
1 37834U 11056A   17360.49143128 +.00000063 +00000-0 +00000-0 0  9996
2 37834 000.0112 319.9455 0002118 324.2013 167.9437 01.00270573022910
0 INTELSAT 18
1 37834U 11056A   17360.66633806 +.00000063 +00000-0 +00000-0 0  9992
2 37834 000.0107 322.0295 0002142 322.7234 230.4755 01.00270589022912
0 INTELSAT 18
1 37834U 11056A   17361.49740721  .00000063  00000-0  00000+0 0  9998
2 37834   0.0155 338.1246 0002206 307.7137 169.3900  1.00270684 22834
0 INTELSAT 18
1 37834U 11056A   17361.56428741 +.00000063 +00000-0 +00000-0 0  9992
2 37834 000.0160 339.1631 0002212 306.8233 193.3846 01.00270694022920
0 INTELSAT 18
1 37834U 11056A   17362.61990656  .00000062  00000-0  00000+0 0  9996
2 37834   0.0181 351.3979 0002302 297.1362 211.8956  1.00270809 22846
0 INTELSAT 18
1 37834U 11056A   17363.52950469  .00000061  00000-0  00000+0 0  9994
2 37834   0.0017   8.1765 0002499 283.6051 176.9984  1.00270740 22853
0 INTELSAT 18
1 37834U 11056A   17363.69128083 +.00000060 +00000-0 +00000-0 0  9991
2 37834 000.0014 028.7962 0002555 264.4632 233.9185 01.00270820022948
0 INTELSAT 18
1 37834U 11056A   17364.47140275  .00000058  00000-0  00000+0 0  9991
2 37834   0.0046  58.0053 0002545 235.4551 155.3276  1.00270997 22861
0 INTELSAT 18
1 37834U 11056A   17364.54181918 +.00000058 +00000-0 +00000-0 0  9999
2 37834 000.0087 000.4835 0002547 293.2395 180.4842 01.00271012022952
0 INTELSAT 18
1 37834U 11056A   17364.62806358  .00000058  00000-0  00000+0 0  9999
2 37834   0.0174  24.5443 0002547 269.3594 211.4362  1.00271037 22865
0 INTELSAT 18
1 37834U 11056A   17364.62806358 +.00000058 +00000-0 +00000-0 0  9990
2 37834 000.0174 024.5443 0002547 269.3594 211.4362 01.00271037022955
