0 ISS (ZARYA)
1 25544U 98067A   17274.09049084  .00005486  00000-0  90360-4 0  9990
2 25544  51.6419 230.3802 0004045 329.6895 154.1970 15.54032532 78227
0 ISS (ZARYA)
1 25544U 98067A   17274.23431713  .00005562  00000-0  91501-4 0  9993
2 25544  51.6420 229.6633 0004033 330.1605 238.8993 15.54034518 78248
0 ISS (ZARYA)
1 25544U 98067A   17274.41604447  .00005547  00000-0  91265-4 0  9999
2 25544  51.6420 228.7574 0004090 331.2642 175.1476 15.54036648 78276
0 ISS (ZARYA)
1 25544U 98067A   17274.41604447  .00005547  00000-0  91265-4 0  9999
2 25544  51.6420 228.7574 0004090 331.2642 175.1476 15.54036648 78276
0 ISS (ZARYA)
1 25544U 98067A   17274.57815972  .00005526  00000-0  90944-4 0  9993
2 25544  51.6421 227.9491 0004084 332.0739   1.8988 15.54038556 78290
0 ISS (ZARYA)
1 25544U 98067A   17274.91750601  .00005042  00000-0  83621-4 0  9995
2 25544  51.6405 226.2595 0004072 333.4273 100.2825 15.54040082 78352
0 ISS (ZARYA)
1 25544U 98067A   17275.04953318  .00005043  00000-0  83621-4 0  9991
2 25544  51.6405 225.6011 0004071 333.9126 118.9194 15.54041542 78378
0 ISS (ZARYA)
1 25544U 98067A   17275.24019632  .00004771  00000-0  79518-4 0  9992
2 25544  51.6405 224.6502 0004112 333.6312 106.5771 15.54042096 78405
0 ISS (ZARYA)
1 25544U 98067A   17275.38004766  .00004746  00000-0  79123-4 0  9993
2 25544  51.6406 223.9532 0004095 334.1862 168.9465 15.54043469 78426
0 ISS (ZARYA)
1 25544U 98067A   17275.38004766  .00004746  00000-0  79123-4 0  9993
2 25544  51.6406 223.9532 0004095 334.1862 168.9465 15.54043469 78426
0 ISS (ZARYA)
1 25544U 98067A   17275.75388314  .00004746  00000-0  79123-4 0  9998
2 25544  51.6406 222.0891 0004095 335.5708 100.3954 15.54047383 78486
0 ISS (ZARYA)
1 25544U 98067A   17275.88892227  .00004623  00000-0  77260-4 0  9999
2 25544  51.6404 221.4163 0004101 336.3740 135.5763 15.54048100 78501
0 ISS (ZARYA)
1 25544U 98067A   17276.01406133  .00004484  00000-0  75154-4 0  9997
2 25544  51.6406 220.7923 0004074 336.7299 115.7823 15.54048683 78526
0 ISS (ZARYA)
1 25544U 98067A   17276.21606951  .00004423  00000-0  74225-4 0  9990
2 25544  51.6398 219.7869 0004167 337.1762 166.2321 15.54050189 78557
0 ISS (ZARYA)
1 25544U 98067A   17276.21606951  .00004423  00000-0  74225-4 0  9990
2 25544  51.6398 219.7869 0004167 337.1762 166.2321 15.54050189 78557
0 ISS (ZARYA)
1 25544U 98067A   17276.40085854  .00004066  00000-0  68819-4 0  9999
2 25544  51.6403 218.8658 0004095 338.1078 119.8009 15.54050649 78582
0 ISS (ZARYA)
1 25544U 98067A   17276.71833472  .00004123  00000-0  69674-4 0  9994
2 25544  51.6404 217.2827 0004114 339.2869  95.9499 15.54053918 78631
0 ISS (ZARYA)
1 25544U 98067A   17276.85120081  .00004105  00000-0  69404-4 0  9995
2 25544  51.6404 216.6205 0004096 339.8703 119.1927 15.54055210 78650
0 ISS (ZARYA)
1 25544U 98067A   17277.14731387  .00004016  00000-0  68052-4 0  9994
2 25544  51.6402 215.1447 0004143 341.1134 335.6792 15.54057281 78696
0 ISS (ZARYA)
1 25544U 98067A   17277.31021403  .00004043  00000-0  68448-4 0  9993
2 25544  51.6406 214.3338 0004225 342.2120 166.5476 15.54059013 78727
0 ISS (ZARYA)
1 25544U 98067A   17277.31021403  .00004041  00000-0  68418-4 0  9998
2 25544  51.6406 214.3338 0004234 342.1855 166.5740 15.54058998 78726
0 ISS (ZARYA)
1 25544U 98067A   17277.31021403  .00004041  00000-0  68418-4 0  9998
2 25544  51.6406 214.3338 0004234 342.1855 166.5740 15.54058998 78726
0 ISS (ZARYA)
1 25544U 98067A   17277.53645833  .00004037  00000-0  68366-4 0  9998
2 25544  51.6406 213.2057 0004246 343.0429 352.3061 15.54061046 78754
0 ISS (ZARYA)
1 25544U 98067A   17277.74858946  .00004017  00000-0  68058-4 0  9998
2 25544  51.6406 212.1479 0004246 343.7290  99.2012 15.54062937 78790
0 ISS (ZARYA)
1 25544U 98067A   17277.88112655  .00004030  00000-0  68239-4 0  9999
2 25544  51.6406 211.4871 0004225 344.2598 120.6590 15.54064257 78812
0 ISS (ZARYA)
1 25544U 98067A   17278.15538194  .00004209  00000-0  70944-4 0  9994
2 25544  51.6408 210.1195 0004240 345.9927 214.3040 15.54067469 78853
0 ISS (ZARYA)
1 25544U 98067A   17278.20922808  .00004301  00000-0  72337-4 0  9990
2 25544  51.6411 209.8519 0004203 346.6253 155.1217 15.54068381 78864
0 ISS (ZARYA)
1 25544U 98067A   17278.33841447  .00004337  00000-0  72874-4 0  9998
2 25544  51.6412 209.2079 0004243 347.3584 157.6206 15.54069817 78881
0 ISS (ZARYA)
1 25544U 98067A   17278.33841447  .00004337  00000-0  72874-4 0  9998
2 25544  51.6412 209.2079 0004243 347.3584 157.6206 15.54069817 78881
0 ISS (ZARYA)
1 25544U 98067A   17278.53241556  .00004346  00000-0  73008-4 0  9995
2 25544  51.6413 208.2406 0004244 348.0772 162.9907 15.54071733 78914
0 ISS (ZARYA)
1 25544U 98067A   17278.84651873  .00004555  00000-0  76152-4 0  9991
2 25544  51.6412 206.6744 0004240 349.1071 120.4337 15.54076050 78968
0 ISS (ZARYA)
1 25544U 98067A   17278.89768778  .00004555  00000-0  76152-4 0  9999
2 25544  51.6412 206.4193 0004259 349.2960  46.7088 15.54076570 78973
0 ISS (ZARYA)
1 25544U 98067A   17279.11905093  .00004733  00000-0  78832-4 0  9993
2 25544  51.6410 205.3161 0004293 350.1594 205.1242 15.54079575 79002
0 ISS (ZARYA)
1 25544U 98067A   17279.30292352  .00004797  00000-0  79790-4 0  9995
2 25544  51.6412 204.4002 0004257 350.9464 153.7307 15.54081856 79030
0 ISS (ZARYA)
1 25544U 98067A   17279.53063657  .00004775  00000-0  79458-4 0  9991
2 25544  51.6414 203.2653 0004261 351.5882 347.9193 15.54084186 79069
0 ISS (ZARYA)
1 25544U 98067A   17279.53063657  .00004775  00000-0  79458-4 0  9991
2 25544  51.6414 203.2653 0004261 351.5882 347.9193 15.54084186 79069
0 ISS (ZARYA)
1 25544U 98067A   17279.80949822  .00005067  00000-0  83855-4 0  9999
2 25544  51.6413 201.8746 0004278 352.5041 108.1972 15.54089015 79115
0 ISS (ZARYA)
1 25544U 98067A   17279.87547572  .00005048  00000-0  83569-4 0  9993
2 25544  51.6414 201.5456 0004274 352.7746 117.2967 15.54089642 79123
0 ISS (ZARYA)
1 25544U 98067A   17280.17375549  .00005447  00000-0  89577-4 0  9999
2 25544  51.6421 200.0573 0004382 353.6119 346.3680 15.54095001 79166
0 ISS (ZARYA)
1 25544U 98067A   17280.20385177  .00005608  00000-0  91995-4 0  9997
2 25544  51.6423 199.9077 0004403 354.6002 153.8740 15.54096079 79174
0 ISS (ZARYA)
1 25544U 98067A   17280.49428241  .00005788  00000-0  94700-4 0  9994
2 25544  51.6423 198.4597 0004404 356.1865 338.2551 15.54100431 79212
0 ISS (ZARYA)
1 25544U 98067A   17280.56108796  .00005789  00000-0  94707-4 0  9990
2 25544  51.6423 198.1265 0004404 356.4312 352.0195 15.54101270 79222
0 ISS (ZARYA)
1 25544U 98067A   17280.56108796  .00005789  00000-0  94707-4 0  9990
2 25544  51.6423 198.1265 0004404 356.4312 352.0195 15.54101270 79222
0 ISS (ZARYA)
1 25544U 98067A   17280.82769716  .00006094  00000-0  99293-4 0  9999
2 25544  51.6423 196.7971 0004446 357.4342  43.6311 15.54106414 79273
0 ISS (ZARYA)
1 25544U 98067A   17280.83934579  .00006096  00000-0  99331-4 0  9996
2 25544  51.6422 196.7391 0004448 357.5859 108.6941 15.54106575 79273
0 ISS (ZARYA)
1 25544U 98067A   17281.04570602  .00006341  00000-0  10301-3 0  9995
2 25544  51.6421 195.7107 0004493 358.3902 183.2005 15.54110452 79307
0 ISS (ZARYA)
1 25544U 98067A   17281.23445043  .00006574  00000-0  10651-3 0  9992
2 25544  51.6423 194.7705 0004490 359.3191 158.9630 15.54114209 79330
0 ISS (ZARYA)
1 25544U 98067A   17281.52693287  .00006696  00000-0  10834-3 0  9997
2 25544  51.6425 193.3124 0004463   0.3716 355.3838 15.54118927 79376
0 ISS (ZARYA)
1 25544U 98067A   17281.52693287  .00006675  00000-0  10802-3 0  9999
2 25544  51.6425 193.3126 0004501   0.5640 355.1902 15.54118791 79378
0 ISS (ZARYA)
1 25544U 98067A   17281.52693287  .00006675  00000-0  10802-3 0  9999
2 25544  51.6425 193.3126 0004501   0.5640 355.1902 15.54118791 79378
0 ISS (ZARYA)
1 25544U 98067A   17281.80317939  .00006659  00000-0  10776-3 0  9999
2 25544  51.6421 191.9360 0004470   1.8777 100.4549 15.54122658 79429
0 ISS (ZARYA)
1 25544U 98067A   17281.86971907  .00006650  00000-0  10763-3 0  9993
2 25544  51.6421 191.6044 0004496   2.2073 112.6505 15.54123546 79432
0 ISS (ZARYA)
1 25544U 98067A   17282.06757696  .00005503  00000-0  90317-4 0  9993
2 25544  51.6419 190.6241 0004628   1.4669 141.1008 15.54123604 79469
0 ISS (ZARYA)
1 25544U 98067A   17282.19826833  .00005481  00000-0  89994-4 0  9991
2 25544  51.6422 189.9729 0004557   2.1567 152.0948 15.54125169 79485
0 ISS (ZARYA)
1 25544U 98067A   17282.38298792  .00004768  00000-0  79233-4 0  9991
2 25544  51.6423 189.0518 0004534   2.8775 105.5368 15.54125845 79510
0 ISS (ZARYA)
1 25544U 98067A   17282.38298792  .00004768  00000-0  79233-4 0  9991
2 25544  51.6423 189.0518 0004534   2.8775 105.5368 15.54125845 79510
0 ISS (ZARYA)
1 25544U 98067A   17282.56741286  .00004860  00000-0  80618-4 0  9994
2 25544  51.6421 188.1336 0004628   3.8988  57.0297 15.54128125 79546
0 ISS (ZARYA)
1 25544U 98067A   17282.76803566  .00005088  00000-0  84038-4 0  9999
2 25544  51.6419 187.1330 0004622   4.1454  99.9865 15.54130882 79574
0 ISS (ZARYA)
1 25544U 98067A   17282.88449618  .00005333  00000-0  87730-4 0  9991
2 25544  51.6420 186.5514 0004600   4.4145  31.7329 15.54132718 79590
0 ISS (ZARYA)
1 25544U 98067A   17283.09597385  .00005168  00000-0  85235-4 0  9994
2 25544  51.6424 185.4977 0004580   5.1139 135.0081 15.54134486 79624
0 ISS (ZARYA)
1 25544U 98067A   17283.22392119  .00005253  00000-0  86514-4 0  9993
2 25544  51.6424 184.8596 0004625   5.6869 130.7615 15.54136307 79640
0 ISS (ZARYA)
1 25544U 98067A   17283.22392119  .00005253  00000-0  86514-4 0  9993
2 25544  51.6424 184.8596 0004625   5.6869 130.7615 15.54136307 79640
0 ISS (ZARYA)
1 25544U 98067A   17283.59763889  .00005097  00000-0  84154-4 0  9993
2 25544  51.6422 182.9966 0004632   7.4015  61.3447 15.54140111 79706
0 ISS (ZARYA)
1 25544U 98067A   17283.79751082  .00004807  00000-0  79785-4 0  9999
2 25544  51.6422 181.9998 0004604   8.0524  99.6971 15.54141173 79739
0 ISS (ZARYA)
1 25544U 98067A   17283.86384317  .00005367  00000-0  88213-4 0  9998
2 25544  51.6425 181.6679 0004458   8.1184 111.0065 15.54143753 79745
0 ISS (ZARYA)
1 25544U 98067A   17284.12568535  .00005137  00000-0  84742-4 0  9992
2 25544  51.6425 180.3639 0004491   9.2915 135.7849 15.54145568 79781
0 ISS (ZARYA)
1 25544U 98067A   17284.19044046  .00005032  00000-0  83154-4 0  9995
2 25544  51.6423 180.0401 0004581   9.3999 138.2157 15.54145867 79799
0 ISS (ZARYA)
1 25544U 98067A   17284.41681713  .00004953  00000-0  81965-4 0  9997
2 25544  51.6423 178.9110 0004638  10.1709 324.8449 15.54148040 79821
0 ISS (ZARYA)
1 25544U 98067A   17284.41681713  .00004953  00000-0  81965-4 0  9997
2 25544  51.6423 178.9110 0004638  10.1709 324.8449 15.54148040 79821
0 ISS (ZARYA)
1 25544U 98067A   17284.56376370  .00004936  00000-0  81691-4 0  9990
2 25544  51.6423 178.1782 0004658  10.8919  66.8250 15.54149523 79853
0 ISS (ZARYA)
1 25544U 98067A   17284.82785986  .00004675  00000-0  77768-4 0  9996
2 25544  51.6423 176.8613 0004594  12.1627 104.1327 15.54151059 79893
0 ISS (ZARYA)
1 25544U 98067A   17284.88510854  .00004604  00000-0  76690-4 0  9997
2 25544  51.6422 176.5756 0004586  12.7905  64.0182 15.54151166 79907
0 ISS (ZARYA)
1 25544U 98067A   17285.08954586  .00004284  00000-0  71865-4 0  9997
2 25544  51.6420 175.5567 0004595  13.8345 127.5413 15.54151492 79931
0 ISS (ZARYA)
1 25544U 98067A   17285.21849166  .00004134  00000-0  69611-4 0  9999
2 25544  51.6419 174.9134 0004618  14.7963 128.5012 15.54152083 79959
0 ISS (ZARYA)
1 25544U 98067A   17285.21849166  .00001629  00000-0  31852-4 0  9991
2 25544  51.6415 174.9152 0004698  16.3178 126.9691 15.54146047 79957
0 ISS (ZARYA)
1 25544U 98067A   17285.52590244  .00004083  00000-0  68831-4 0  9999
2 25544  51.6421 173.3803 0004563  15.9037  48.4830 15.54154671 80003
0 ISS (ZARYA)
1 25544U 98067A   17285.52590244  .00004083  00000-0  68831-4 0  9999
2 25544  51.6421 173.3803 0004563  15.9037  48.4830 15.54154671 80003
0 ISS (ZARYA)
1 25544U 98067A   17285.84441990  .00003873  00000-0  65660-4 0  9990
2 25544  51.6419 171.7919 0004573  17.2907  30.3669 15.54156481 80058
0 ISS (ZARYA)
1 25544U 98067A   17286.12031656  .00003749  00000-0  63786-4 0  9995
2 25544  51.6421 170.4165 0004561  18.1867 134.1240 15.54158153 80092
0 ISS (ZARYA)
1 25544U 98067A   17286.23716597  .00003917  00000-0  66325-4 0  9990
2 25544  51.6420 169.8351 0004628  18.9776  67.5327 15.54158987 80114
0 ISS (ZARYA)
1 25544U 98067A   17286.23716597  .00003917  00000-0  66325-4 0  9990
2 25544  51.6420 169.8351 0004628  18.9776  67.5327 15.54158987 80114
0 ISS (ZARYA)
1 25544U 98067A   17286.48943994  .00003603  00000-0  61580-4 0  9990
2 25544  51.6423 168.5765 0004602  18.7092  40.2047 15.54160637 80159
0 ISS (ZARYA)
1 25544U 98067A   17286.80824110  .00003561  00000-0  60938-4 0  9993
2 25544  51.6419 166.9874 0004581  20.3328  23.4529 15.54163293 80209
0 ISS (ZARYA)
1 25544U 98067A   17286.89674769  .00003566  00000-0  61013-4 0  9995
2 25544  51.6419 166.5460 0004580  20.5675 158.7400 15.54164023 80215
0 ISS (ZARYA)
1 25544U 98067A   17287.14356693  .00003674  00000-0  62646-4 0  9990
2 25544  51.6416 165.3156 0004647  21.7528  99.4241 15.54166564 80255
0 ISS (ZARYA)
1 25544U 98067A   17287.20084788  .00003691  00000-0  62896-4 0  9996
2 25544  51.6417 165.0301 0004671  22.0087  59.8675 15.54167116 80262
0 ISS (ZARYA)
1 25544U 98067A   17287.37484954  .00003696  00000-0  62963-4 0  9993
2 25544  51.6417 164.1623 0004659  22.5288 313.5332 15.54168577 80287
0 ISS (ZARYA)
1 25544U 98067A   17287.52063924  .00003724  00000-0  63384-4 0  9990
2 25544  51.6417 163.4351 0004653  23.0640  49.2344 15.54169948 80312
0 ISS (ZARYA)
1 25544U 98067A   17287.52063924  .00003724  00000-0  63384-4 0  9990
2 25544  51.6417 163.4351 0004653  23.0640  49.2344 15.54169948 80312
0 ISS (ZARYA)
1 25544U 98067A   17287.78584446  .00003854  00000-0  65330-4 0  9992
2 25544  51.6418 162.1130 0004695  24.6373  92.4752 15.54172931 80353
0 ISS (ZARYA)
1 25544U 98067A   17287.84734978  .00003871  00000-0  65589-4 0  9991
2 25544  51.6418 161.8067 0004680  24.8128  76.6517 15.54173521 80362
0 ISS (ZARYA)
1 25544U 98067A   17288.11491286  .00004023  00000-0  67873-4 0  9992
2 25544  51.6417 160.4727 0004726  25.5208 133.9605 15.54176466 80408
0 ISS (ZARYA)
1 25544U 98067A   17288.33937500  .00004080  00000-0  68731-4 0  9997
2 25544  51.6417 159.3533 0004729  26.2616 309.9274 15.54178731 80431
0 ISS (ZARYA)
1 25544U 98067A   17288.40495370  .00004077  00000-0  68676-4 0  9993
2 25544  51.6417 159.0263 0004738  26.4825 316.8654 15.54179309 80444
0 ISS (ZARYA)
1 25544U 98067A   17288.40495370  .00004077  00000-0  68676-4 0  9993
2 25544  51.6417 159.0263 0004738  26.4825 316.8654 15.54179309 80444
0 ISS (ZARYA)
1 25544U 98067A   17288.55122811  .00004085  00000-0  68802-4 0  9996
2 25544  51.6417 158.2968 0004740  26.9534  55.3499 15.54180695 80477
0 ISS (ZARYA)
1 25544U 98067A   17288.81043007  .00003967  00000-0  67019-4 0  9991
2 25544  51.6415 157.0042 0004731  27.7271  65.7833 15.54182246 80518
0 ISS (ZARYA)
1 25544U 98067A   17288.89019676  .00003953  00000-0  66800-4 0  9996
2 25544  51.6416 156.6064 0004727  27.9476 152.1574 15.54182850 80527
0 ISS (ZARYA)
1 25544U 98067A   17289.14077109  .00003330  00000-0  57433-4 0  9991
2 25544  51.6417 155.3597 0004874  28.6520 114.3540 15.54182920 80561
0 ISS (ZARYA)
1 25544U 98067A   17289.14077109  .00003566  00000-0  60973-4 0  9995
2 25544  51.6419 155.3591 0004868  28.1175 114.8898 15.54183604 80562
0 ISS (ZARYA)
1 25544U 98067A   17289.51526942  .00003700  00000-0  62982-4 0  9992
2 25544  51.6418 153.4906 0004809  30.2192  49.5232 15.54187126 80624
0 ISS (ZARYA)
1 25544U 98067A   17289.51526942  .00003700  00000-0  62982-4 0  9992
2 25544  51.6418 153.4906 0004809  30.2192  49.5232 15.54187126 80624
0 ISS (ZARYA)
1 25544U 98067A   17289.71362936  .00003543  00000-0  60619-4 0  9995
2 25544  51.6415 152.5015 0004791  31.2068  79.1082 15.54188004 80656
0 ISS (ZARYA)
1 25544U 98067A   17289.90403449  .00003562  00000-0  60899-4 0  9992
2 25544  51.6416 151.5519 0004813  31.8478  64.5059 15.54189647 80680
0 ISS (ZARYA)
1 25544U 98067A   17290.10388682  .00003615  00000-0  61698-4 0  9994
2 25544  51.6417 150.5561 0004902  32.0286 103.2585 15.54191692 80718
0 ISS (ZARYA)
1 25544U 98067A   17290.16112473  .00002013  00000-0  37567-4 0  9992
2 25544  51.6397 150.2749 0005351  29.2424  66.5133 15.54204596 80720
0 ISS (ZARYA)
1 25544U 98067A   17290.33518519  .00002013  00000-0  37567-4 0  9992
2 25544  51.6395 149.4088 0005279  29.1071 321.1884 15.54206904 80740
0 ISS (ZARYA)
1 25544U 98067A   17290.54492363  .00003831  00000-0  64942-4 0  9999
2 25544  51.6416 148.3564 0004889  33.0672  51.5067 15.54196649 80783
0 ISS (ZARYA)
1 25544U 98067A   17290.54492363  .00003831  00000-0  64942-4 0  9999
2 25544  51.6416 148.3564 0004889  33.0672  51.5067 15.54196649 80783
0 ISS (ZARYA)
1 25544U 98067A   17290.86517141  .00006350  00000-0  10279-3 0  9998
2 25544  51.6408 146.7619 0004915  35.2233  42.3751 15.54206758 80831
0 ISS (ZARYA)
1 25544U 98067A   17290.95262731  .00004071  00000-0  68538-4 0  9990
2 25544  51.6413 146.3237 0004874  34.5596 172.6828 15.54201595 80844
0 ISS (ZARYA)
1 25544U 98067A   17290.95262731  .00003478  00000-0  59617-4 0  9998
2 25544  51.6406 146.3280 0005069  33.3310 173.9134 15.54203602 80847
0 ISS (ZARYA)
1 25544U 98067A   17291.00556465  .00002419  00000-0  43686-4 0  9998
2 25544  51.6413 146.0649 0004982  34.6681 108.9620 15.54202031 80853
0 ISS (ZARYA)
1 25544U 98067A   17291.20141432  .00002030  00000-0  37829-4 0  9995
2 25544  51.6410 145.0880 0005095  34.3803 125.7790 15.54202461 80880
0 ISS (ZARYA)
1 25544U 98067A   17291.36369213  .00001740  00000-0  33463-4 0  9998
2 25544  51.6409 144.2789 0005138  34.7318 313.9937 15.54202609 80901
0 ISS (ZARYA)
1 25544U 98067A   17291.50736686  .00002719  00000-0  48192-4 0  9998
2 25544  51.6404 143.5630 0005164  34.0692  39.0719 15.54205709 80931
0 ISS (ZARYA)
1 25544U 98067A   17291.57454127  .00002091  00000-0  38736-4 0  9998
2 25544  51.6394 143.2289 0005221  33.8816  55.3579 15.54205334 80945
0 ISS (ZARYA)
1 25544U 98067A   17291.57454127  .00002091  00000-0  38736-4 0  9998
2 25544  51.6394 143.2289 0005221  33.8816  55.3579 15.54205334 80945
0 ISS (ZARYA)
1 25544U 98067A   17291.76080973  .00001326  00000-0  27236-4 0  9996
2 25544  51.6393 142.2979 0005366  34.8629  17.2594 15.54203374 80971
0 ISS (ZARYA)
1 25544U 98067A   17291.84665509  .00001531  00000-0  30317-4 0  9991
2 25544  51.6396 141.8704 0005329  36.0061 136.7506 15.54203636 80980
0 ISS (ZARYA)
1 25544U 98067A   17292.09840454  .00000448  00000-0  14021-4 0  9993
2 25544  51.6397 140.6149 0005335  36.8591 105.4017 15.54202784 81023
0 ISS (ZARYA)
1 25544U 98067A   17292.23117419  .00001079  00000-0  23510-4 0  9991
2 25544  51.6393 139.9525 0005335  36.2710 129.3469 15.54204148 81049
0 ISS (ZARYA)
1 25544U 98067A   17292.47450631  .00001704  00000-0  32919-4 0  9991
2 25544  51.6397 138.7384 0005342  37.0961  50.9083 15.54207318 81085
0 ISS (ZARYA)
1 25544U 98067A   17292.47450631  .00001704  00000-0  32919-4 0  9991
2 25544  51.6397 138.7384 0005342  37.0961  50.9083 15.54207318 81085
0 ISS (ZARYA)
1 25544U 98067A   17292.53885322  .00002203  00000-0  40418-4 0  9995
2 25544  51.6400 138.4179 0005405  37.2021  51.0712 15.54208371 81090
0 ISS (ZARYA)
1 25544U 98067A   17292.81356481  .00001039  00000-0  22916-4 0  9994
2 25544  51.6400 137.0471 0005392  37.6956 148.6428 15.54206404 81133
0 ISS (ZARYA)
1 25544U 98067A   17292.87709491  .00000991  00000-0  22188-4 0  9990
2 25544  51.6400 136.7303 0005369  38.0530 143.9815 15.54206566 81148
0 ISS (ZARYA)
1 25544U 98067A   17293.06188449  .00001483  00000-0  29595-4 0  9992
2 25544  51.6401 135.8089 0005435  38.6888  97.9586 15.54208601 81174
0 ISS (ZARYA)
1 25544U 98067A   17293.29112269  .00003932  00000-0  66420-4 0  9993
2 25544  51.6392 134.6633 0005576  37.6788 302.4497 15.54214637 81204
0 ISS (ZARYA)
1 25544U 98067A   17293.29112269  .00003932  00000-0  66420-4 0  9993
2 25544  51.6392 134.6633 0005576  37.6788 302.4497 15.54214637 81204
0 ISS (ZARYA)
1 25544U 98067A   17293.55689981  .00004035  00000-0  67958-4 0  9994
2 25544  51.6394 133.3379 0005540  39.0535 349.1320 15.54217160 81258
0 ISS (ZARYA)
1 25544U 98067A   17293.75565735  .00002970  00000-0  51954-4 0  9991
2 25544  51.6392 132.3469 0005460  39.9048  21.0958 15.54215679 81283
0 ISS (ZARYA)
1 25544U 98067A   17293.84344907  .00002092  00000-0  38745-4 0  9995
2 25544  51.6396 131.9109 0005232  42.7831 149.7549 15.54214691 81290
0 ISS (ZARYA)
1 25544U 98067A   17294.25469907  .00001958  00000-0  36725-4 0  9995
2 25544  51.6401 129.8602 0005328  43.9564 291.1241 15.54216506 81358
0 ISS (ZARYA)
1 25544U 98067A   17294.32370370  .00001984  00000-0  37123-4 0  9990
2 25544  51.6401 129.5162 0005293  44.3068 317.1240 15.54216995 81373
0 ISS (ZARYA)
1 25544U 98067A   17294.32370370  .00001984  00000-0  37123-4 0  9990
2 25544  51.6401 129.5162 0005293  44.3068 317.1240 15.54216995 81373
0 ISS (ZARYA)
1 25544U 98067A   17294.59922096  .00002167  00000-0  39869-4 0  9990
2 25544  51.6397 128.1425 0005262  45.2250  58.8040 15.54219529 81411
0 ISS (ZARYA)
1 25544U 98067A   17294.80993056  .00002371  00000-0  42937-4 0  9995
2 25544  51.6398 127.0916 0005223  46.0767 157.6979 15.54221538 81449
0 ISS (ZARYA)
1 25544U 98067A   17294.92720817  .00002565  00000-0  45845-4 0  9997
2 25544  51.6402 126.5073 0005255  46.5377  93.8660 15.54223124 81463
0 ISS (ZARYA)
1 25544U 98067A   17295.05635412  .00002764  00000-0  48842-4 0  9999
2 25544  51.6405 125.8638 0005284  47.0242  96.4597 15.54224921 81480
0 ISS (ZARYA)
1 25544U 98067A   17295.28700231  .00002877  00000-0  50527-4 0  9994
2 25544  51.6407 124.7140 0005262  47.9180 306.9487 15.54226930 81517
0 ISS (ZARYA)
1 25544U 98067A   17295.36331534  .00002879  00000-0  50566-4 0  9994
2 25544  51.6407 124.3333 0005265  48.1722  13.9658 15.54227464 81535
0 ISS (ZARYA)
1 25544U 98067A   17295.36331534  .00002879  00000-0  50566-4 0  9994
2 25544  51.6407 124.3333 0005265  48.1722  13.9658 15.54227464 81535
0 ISS (ZARYA)
1 25544U 98067A   17295.56400318  .00002986  00000-0  52166-4 0  9990
2 25544  51.6403 123.3328 0005268  48.5918  57.1864 15.54229415 81568
0 ISS (ZARYA)
1 25544U 98067A   17295.76976852  .00003038  00000-0  52940-4 0  9992
2 25544  51.6406 122.3065 0005265  49.2276 128.6178 15.54230971 81594
0 ISS (ZARYA)
1 25544U 98067A   17295.89158632  .00003038  00000-0  52940-4 0  9994
2 25544  51.6406 121.6989 0005265  49.6807  90.2158 15.54231830 81615
0 ISS (ZARYA)
1 25544U 98067A   17296.01995726  .00003038  00000-0  52940-4 0  9992
2 25544  51.6406 121.0586 0005265  50.1562  88.4824 15.54232736 81634
0 ISS (ZARYA)
1 25544U 98067A   17296.24940972  .00003192  00000-0  55245-4 0  9992
2 25544  51.6413 119.9164 0005270  50.7381 292.5939 15.54235072 81665
0 ISS (ZARYA)
1 25544U 98067A   17296.32722215  .00003224  00000-0  55733-4 0  9997
2 25544  51.6413 119.5284 0005263  51.3138   7.6874 15.54235795 81680
0 ISS (ZARYA)
1 25544U 98067A   17296.32722215  .00003224  00000-0  55733-4 0  9997
2 25544  51.6413 119.5284 0005263  51.3138   7.6874 15.54235795 81680
0 ISS (ZARYA)
1 25544U 98067A   17296.52739672  .00003300  00000-0  56864-4 0  9995
2 25544  51.6414 118.5299 0005263  52.0333  47.7403 15.54237793 81718
0 ISS (ZARYA)
1 25544U 98067A   17296.80422454  .00003281  00000-0  56584-4 0  9990
2 25544  51.6414 117.1500 0005230  52.8297 156.8934 15.54239718 81753
0 ISS (ZARYA)
1 25544U 98067A   17296.91523713  .00003325  00000-0  57242-4 0  9993
2 25544  51.6417 116.5966 0005226  53.3078  57.9729 15.54240815 81778
0 ISS (ZARYA)
1 25544U 98067A   17297.21261574  .00003342  00000-0  57484-4 0  9998
2 25544  51.6417 115.1134 0005241  54.0428 282.2557 15.54243171 81819
0 ISS (ZARYA)
1 25544U 98067A   17297.21261574  .00003342  00000-0  57484-4 0  9998
2 25544  51.6417 115.1134 0005241  54.0428 282.2557 15.54243171 81819
0 ISS (ZARYA)
1 25544U 98067A   17297.49235481  .00003542  00000-0  60483-4 0  9991
2 25544  51.6413 113.7183 0005261  55.0188  47.5446 15.54246817 81863
0 ISS (ZARYA)
1 25544U 98067A   17297.49235481  .00003542  00000-0  60483-4 0  9991
2 25544  51.6413 113.7183 0005261  55.0188  47.5446 15.54246817 81863
0 ISS (ZARYA)
1 25544U 98067A   17297.55738487  .00003505  00000-0  59926-4 0  9991
2 25544  51.6411 113.3950 0005251  56.0110  50.6549 15.54247152 81877
0 ISS (ZARYA)
1 25544U 98067A   17297.61007196  .00046665  00000-0  70531-3 0  9992
2 25544  51.6360 113.1393 0005576  47.5360 354.0994 15.54220849 81881
0 ISS (ZARYA)
1 25544U 98067A   17297.76699074  .00021757  00000-0  33339-3 0  9990
2 25544  51.6390 112.3521 0005590  54.3570 145.8831 15.54249452 81903
0 ISS (ZARYA)
1 25544U 98067A   17297.88522623  .00045253  00000-0  68312-3 0  9994
2 25544  51.6387 111.7655 0005697  50.0606  92.1808 15.54267374 81924
0 ISS (ZARYA)
1 25544U 98067A   17298.01526052  .00044910  00000-0  67789-3 0  9996
2 25544  51.6390 111.1160 0005453  54.2686  96.0448 15.54274558 81944
0 ISS (ZARYA)
1 25544U 98067A   17298.01526052  .00019229  00000-0  29549-3 0  9993
2 25544  51.6396 111.1148 0005597  55.4957  94.8134 15.54258960 81946
0 ISS (ZARYA)
1 25544U 98067A   17298.01526052  .00019229  00000-0  29549-3 0  9993
2 25544  51.6396 111.1148 0005597  55.4957  94.8134 15.54258960 81946
0 ISS (ZARYA)
1 25544U 98067A   17298.57348388  .00011314  00000-0  17698-3 0  9997
2 25544  51.6395 108.3308 0005434  59.5099 336.3169 15.54266112 82034
0 ISS (ZARYA)
1 25544U 98067A   17298.70735525  .00002413  00000-0  43519-4 0  9997
2 25544  51.6393 107.6623 0005235  60.3679   4.9988 15.54254703 82059
0 ISS (ZARYA)
1 25544U 98067A   17298.85119192  .00003377  00000-0  57985-4 0  9991
2 25544  51.6398 106.9456 0005227  60.5349  90.1792 15.54257292 82075
0 ISS (ZARYA)
1 25544U 98067A   17298.97843120  .00003516  00000-0  60065-4 0  9997
2 25544  51.6397 106.3114 0005260  60.1036  83.0279 15.54258676 82095
0 ISS (ZARYA)
1 25544U 98067A   17299.20596065  .00003755  00000-0  63646-4 0  9990
2 25544  51.6404 105.1745 0005200  62.3532 274.7308 15.54261415 82121
0 ISS (ZARYA)
1 25544U 98067A   17299.35154458  .00003880  00000-0  65525-4 0  9999
2 25544  51.6404 104.4484 0005222  62.2292   9.9898 15.54263384 82151
0 ISS (ZARYA)
1 25544U 98067A   17299.55331668  .00003940  00000-0  66422-4 0  9995
2 25544  51.6403 103.4423 0005258  62.6182  59.3376 15.54265607 82186
0 ISS (ZARYA)
1 25544U 98067A   17299.55331668  .00003940  00000-0  66422-4 0  9995
2 25544  51.6403 103.4423 0005258  62.6182  59.3376 15.54265607 82186
0 ISS (ZARYA)
1 25544U 98067A   17299.74164431  .00004081  00000-0  68529-4 0  9995
2 25544  51.6403 102.5028 0005251  62.7294  33.6878 15.54267934 82216
0 ISS (ZARYA)
1 25544U 98067A   17299.87962204  .00004183  00000-0  70054-4 0  9992
2 25544  51.6403 101.8149 0005295  63.0987  85.8684 15.54269719 82232
0 ISS (ZARYA)
1 25544U 98067A   17299.94150117  .00004226  00000-0  70692-4 0  9998
2 25544  51.6404 101.5068 0005319  62.9194  72.5142 15.54270543 82245
0 ISS (ZARYA)
1 25544U 98067A   17300.23666667  .00004226  00000-0  70692-4 0  9995
2 25544  51.6404 100.0345 0005320  64.0126 284.0794 15.54273328 82288
0 ISS (ZARYA)
1 25544U 98067A   17300.58341179  .00004412  00000-0  73465-4 0  9999
2 25544  51.6410  98.3058 0005337  65.4859  64.0752 15.54278041 82345
0 ISS (ZARYA)
1 25544U 98067A   17300.58341179  .00004412  00000-0  73465-4 0  9999
2 25544  51.6410  98.3058 0005337  65.4859  64.0752 15.54278041 82345
0 ISS (ZARYA)
1 25544U 98067A   17300.76617194  .00004517  00000-0  75045-4 0  9994
2 25544  51.6397  97.3913 0004884  70.0739   2.7923 15.54280259 82379
0 ISS (ZARYA)
1 25544U 98067A   17300.90338491  .00004806  00000-0  79363-4 0  9998
2 25544  51.6403  96.7090 0005330  65.8513  55.2836 15.54283016 82397
0 ISS (ZARYA)
1 25544U 98067A   17300.97207183  .00004833  00000-0  79774-4 0  9994
2 25544  51.6403  96.3665 0005331  65.9632  79.7589 15.54283846 82404
0 ISS (ZARYA)
1 25544U 98067A   17301.27902719  .00004986  00000-0  82047-4 0  9991
2 25544  51.6403  94.8356 0005316  67.7154 356.6950 15.54287816 82451
0 ISS (ZARYA)
1 25544U 98067A   17301.47065065  .00004911  00000-0  80925-4 0  9998
2 25544  51.6393  93.8779 0004904  72.9649 344.3799 15.54289394 82487
0 ISS (ZARYA)
1 25544U 98067A   17301.54575287  .00005007  00000-0  82363-4 0  9993
2 25544  51.6400  93.5066 0005347  68.3827  49.4645 15.54290777 82492
0 ISS (ZARYA)
1 25544U 98067A   17301.54575287  .00005007  00000-0  82363-4 0  9993
2 25544  51.6400  93.5066 0005347  68.3827  49.4645 15.54290777 82492
0 ISS (ZARYA)
1 25544U 98067A   17301.73268005  .00005175  00000-0  84859-4 0  9999
2 25544  51.6401  92.5747 0005340  68.7531  15.7301 15.54293468 82526
0 ISS (ZARYA)
1 25544U 98067A   17301.87390160  .00005175  00000-0  84855-4 0  9998
2 25544  51.6404  91.8708 0005349  69.4583  85.7480 15.54295053 82541
0 ISS (ZARYA)
1 25544U 98067A   17302.05874139  .00005170  00000-0  84773-4 0  9996
2 25544  51.6404  90.9490 0005342  70.0649  40.0916 15.54297052 82575
0 ISS (ZARYA)
1 25544U 98067A   17302.05874139  .00005170  00000-0  84773-4 0  9996
2 25544  51.6404  90.9490 0005342  70.0649  40.0916 15.54297052 82575
0 ISS (ZARYA)
1 25544U 98067A   17302.56942943  .00004774  00000-0  78844-4 0  9992
2 25544  51.6399  88.3988 0004915  77.2942  12.2967 15.54300088 82651
0 ISS (ZARYA)
1 25544U 98067A   17302.89361882  .00004371  00000-0  72799-4 0  9991
2 25544  51.6410  86.7855 0005347  73.1519  31.6245 15.54301642 82702
0 ISS (ZARYA)
1 25544U 98067A   17303.20694144  .00004180  00000-0  69925-4 0  9992
2 25544  51.6415  85.2237 0005382  73.7527 345.3770 15.54303896 82755
0 ISS (ZARYA)
1 25544U 98067A   17303.39434294  .00004083  00000-0  68466-4 0  9991
2 25544  51.6415  84.2892 0005359  74.9114 313.5168 15.54305141 82786
0 ISS (ZARYA)
1 25544U 98067A   17303.39434294  .00004083  00000-0  68466-4 0  9991
2 25544  51.6415  84.2892 0005359  74.9114 313.5168 15.54305141 82786
0 ISS (ZARYA)
1 25544U 98067A   17303.39434294  .00004083  00000-0  68466-4 0  9991
2 25544  51.6415  84.2892 0005359  74.9114 313.5168 15.54305141 82786
0 ISS (ZARYA)
1 25544U 98067A   17303.85697257  .00003444  00000-0  58888-4 0  9999
2 25544  51.6418  81.9840 0005492  75.9296  22.8473 15.54306109 82858
0 ISS (ZARYA)
1 25544U 98067A   17303.92934935  .00003421  00000-0  58550-4 0  9995
2 25544  51.6419  81.6232 0005483  75.9476  68.0815 15.54306550 82864
0 ISS (ZARYA)
1 25544U 98067A   17304.16319444  .00003313  00000-0  56927-4 0  9990
2 25544  51.6420  80.4580 0005609  74.5877 298.7852 15.54307749 82908
0 ISS (ZARYA)
1 25544U 98067A   17304.23749986  .00003320  00000-0  57035-4 0  9995
2 25544  51.6420  80.0873 0005611  74.7882 354.6371 15.54308358 82916
0 ISS (ZARYA)
1 25544U 98067A   17304.37051287  .00003153  00000-0  54520-4 0  9990
2 25544  51.6421  79.4246 0005728  77.8264  16.3671 15.54308414 82930
0 ISS (ZARYA)
1 25544U 98067A   17304.43179856  .00002963  00000-0  51675-4 0  9996
2 25544  51.6415  79.1213 0005738  79.0270 358.3133 15.54307707 82943
0 ISS (ZARYA)
1 25544U 98067A   17304.56044271  .00002823  00000-0  49586-4 0  9995
2 25544  51.6416  78.4791 0005611  78.4518 359.1930 15.54308068 82962
0 ISS (ZARYA)
1 25544U 98067A   17304.56044271  .00002823  00000-0  49586-4 0  9995
2 25544  51.6416  78.4791 0005611  78.4518 359.1930 15.54308068 82962
0 ISS (ZARYA)
1 25544U 98067A   17304.82081257  .00002722  00000-0  48066-4 0  9999
2 25544  51.6416  77.1806 0005625  79.5139  15.9993 15.54309413 83008
0 ISS (ZARYA)
1 25544U 98067A   17304.82081257  .00002722  00000-0  48066-4 0  9999
2 25544  51.6416  77.1806 0005625  79.5139  15.9993 15.54309413 83008
0 ISS (ZARYA)
1 25544U 98067A   17304.95070866  .00001782  00000-0  33975-4 0  9995
2 25544  51.6418  76.5345 0005668  79.5922  23.2333 15.54307663 83025
0 ISS (ZARYA)
1 25544U 98067A   17305.20041095  .00004995  00000-0  82101-4 0  9990
2 25544  51.6417  75.2885 0005639  81.1807 339.8041 15.54318652 83064
0 ISS (ZARYA)
1 25544U 98067A   17305.20041095 +.00004995 +00000-0 +82101-4 0  9990
2 25544 051.6417 075.2885 0005639 081.1807 339.8041 15.54318652083064
0 ISS (ZARYA)
1 25544U 98067A   17306.08598380  .00001293  00000-0  26648-4 0  9993
2 25544  51.6406  70.8721 0005491  81.6305 257.8615 15.54312643 83190
0 ISS (ZARYA)
1 25544U 98067A   17306.35222712 -.00111160  00000-0 -17018-2 0  9992
2 25544  51.6426  69.5546 0004292  79.3799 310.6573 15.54017319 83240
0 ISS (ZARYA)
1 25544U 98067A   17306.35889758 -.00111154  00000-0 -17018-2 0  9994
2 25544  51.6426  69.5213 0004297  79.3645 348.0151 15.54015818 83245
0 ISS (ZARYA)
1 25544U 98067A   17306.48335992 -.00111042  00000-0 -17018-2 0  9990
2 25544  51.6426  68.9008 0004297  79.8566 324.2775 15.53987834 83262
0 ISS (ZARYA)
1 25544U 98067A   17306.48335992 -.00111042  00000-0 -17018-2 0  9990
2 25544  51.6426  68.9008 0004297  79.8566 324.2775 15.53987834 83262
0 ISS (ZARYA)
1 25544U 98067A   17306.55532028 +.01194349 +00000-0 +16441-1 0  9995
2 25544 051.6430 068.5315 0004181 073.0038 013.9979 15.54130097083277
0 ISS (ZARYA)
1 25544U 98067A   17306.81936633 +.00040975 +00000-0 +62419-3 0  9996
2 25544 051.6437 067.2173 0004211 084.9776 040.2486 15.54070394083310
0 ISS (ZARYA)
1 25544U 98067A   17307.11813657  .00012517  00000-0  19649-3 0  9998
2 25544  51.6436  65.7253 0004442  83.0396 274.7822 15.54057880 83352
0 ISS (ZARYA)
1 25544U 98067A   17307.19578441  .00013071  00000-0  20483-3 0  9999
2 25544  51.6436  65.3381 0004442  82.9761 349.5439 15.54060688 83371
0 ISS (ZARYA)
1 25544U 98067A   17307.46111069  .00004726  00000-0  78799-4 0  9999
2 25544  51.6430  64.0191 0004336  82.3790  35.5050 15.54053738 83412
0 ISS (ZARYA)
1 25544U 98067A   17307.51823545  .00004726  00000-0  78799-4 0  9994
2 25544  51.6430  63.7343 0004337  82.5918 355.0940 15.54054334 83424
0 ISS (ZARYA)
1 25544U 98067A   17307.51823545 +.00004726 +00000-0 +78799-4 0  9994
2 25544 051.6430 063.7343 0004337 082.5918 355.0940 15.54054334083424
0 ISS (ZARYA)
1 25544U 98067A   17307.78412965  .00004592  00000-0  76772-4 0  9993
2 25544  51.6429  62.4065 0004385  85.0346  41.2092 15.54056348 83468
0 ISS (ZARYA)
1 25544U 98067A   17307.85175351  .00004401  00000-0  73884-4 0  9996
2 25544  51.6429  62.0692 0004378  85.0235  59.7992 15.54056680 83472
0 ISS (ZARYA)
1 25544U 98067A   17308.24629568  .00003995  00000-0  67724-4 0  9997
2 25544  51.6429  60.1027 0004378  87.1499 106.4445 15.54059460 83537
0 ISS (ZARYA)
1 25544U 98067A   17308.48558600  .00001689  00000-0  32855-4 0  9996
2 25544  51.6428  58.9096 0004349  84.4735   8.7280 15.54054752 83572
0 ISS (ZARYA)
1 25544U 98067A   17308.54862557  .00001787  00000-0  34336-4 0  9997
2 25544  51.6428  58.5952 0004347  84.5316   1.5854 15.54055325 83589
0 ISS (ZARYA)
1 25544U 98067A   17308.54862557  .00001787  00000-0  34336-4 0  9997
2 25544  51.6428  58.5952 0004347  84.5316   1.5854 15.54055325 83589
0 ISS (ZARYA)
1 25544U 98067A   17308.81606141  .00001883  00000-0  35777-4 0  9999
2 25544  51.6430  57.2620 0004365  85.7813  57.5255 15.54056855 83625
0 ISS (ZARYA)
1 25544U 98067A   17308.87260623  .00001823  00000-0  34870-4 0  9993
2 25544  51.6429  56.9799 0004332  84.9265  14.9348 15.54056925 83631
0 ISS (ZARYA)
1 25544U 98067A   17309.04359954  .00001799  00000-0  34509-4 0  9990
2 25544  51.6429  56.1274 0004333  85.2317 251.9038 15.54057633 83652
0 ISS (ZARYA)
1 25544U 98067A   17309.21224020  .00002300  00000-0  42081-4 0  9997
2 25544  51.6429  55.2864 0004334  85.7795 115.4661 15.54060342 83683
0 ISS (ZARYA)
1 25544U 98067A   17309.38422883  .00002445  00000-0  44285-4 0  9990
2 25544  51.6428  54.4296 0004329  87.5061 356.5910 15.54061935 83710
0 ISS (ZARYA)
1 25544U 98067A   17309.59526620  .00002513  00000-0  45313-4 0  9996
2 25544  51.6432  53.3770 0004406  91.5891  93.9691 15.54063442 83748
0 ISS (ZARYA)
1 25544U 98067A   17309.59526620  .00002513  00000-0  45313-4 0  9996
2 25544  51.6432  53.3770 0004406  91.5891  93.9691 15.54063442 83748
0 ISS (ZARYA)
1 25544U 98067A   17309.77476258  .00002419  00000-0  43882-4 0  9991
2 25544  51.6436  52.4844 0004356  89.5181  20.9169 15.54064129 83773
0 ISS (ZARYA)
1 25544U 98067A   17309.77927431  .00002460  00000-0  44508-4 0  9997
2 25544  51.6436  52.4619 0004345  88.8540  46.8390 15.54064321 83779
0 ISS (ZARYA)
1 25544U 98067A   17310.15302205  .00002488  00000-0  44928-4 0  9993
2 25544  51.6437  50.5985 0004344  89.8854 338.1766 15.54066660 83832
0 ISS (ZARYA)
1 25544U 98067A   17310.27499589  .00002560  00000-0  46014-4 0  9997
2 25544  51.6437  49.9909 0004344  91.0707 299.8454 15.54067761 83854
0 ISS (ZARYA)
1 25544U 98067A   17310.62743056  .00002418  00000-0  43867-4 0  9992
2 25544  51.6433  48.2340 0004341  91.9528 112.0141 15.54069059 83905
0 ISS (ZARYA)
1 25544U 98067A   17310.67386353  .00002419  00000-0  43882-4 0  9998
2 25544  51.6433  48.0025 0004365  92.4978  11.4180 15.54069343 83916
0 ISS (ZARYA)
1 25544U 98067A   17310.67386353  .00002419  00000-0  43882-4 0  9998
2 25544  51.6433  48.0025 0004365  92.4978  11.4180 15.54069343 83916
0 ISS (ZARYA)
1 25544U 98067A   17310.81000203  .00002324  00000-0  42434-4 0  9998
2 25544  51.6430  47.3230 0004374  94.0450  52.0218 15.54069535 83934
0 ISS (ZARYA)
1 25544U 98067A   17311.03865741  .00002451  00000-0  44356-4 0  9995
2 25544  51.6432  46.1834 0004391  93.5841 252.5812 15.54071654 83965
0 ISS (ZARYA)
1 25544U 98067A   17311.27255050  .00002393  00000-0  43473-4 0  9991
2 25544  51.6431  45.0171 0004354  93.6029 121.9806 15.54072702 84007
0 ISS (ZARYA)
1 25544U 98067A   17311.51161068  .00002070  00000-0  38588-4 0  9996
2 25544  51.6428  43.8258 0004393  94.8993  19.0234 15.54072099 84046
0 ISS (ZARYA)
1 25544U 98067A   17311.57486574  .00002095  00000-0  38967-4 0  9992
2 25544  51.6428  43.5105 0004390  95.1941  12.8539 15.54072511 84057
0 ISS (ZARYA)
1 25544U 98067A   17311.57486574  .00002095  00000-0  38967-4 0  9992
2 25544  51.6428  43.5105 0004390  95.1941  12.8539 15.54072511 84057
0 ISS (ZARYA)
1 25544U 98067A   17311.70208262  .00002073  00000-0  38632-4 0  9998
2 25544  51.6428  42.8763 0004391  95.8208   4.4343 15.54073039 84071
0 ISS (ZARYA)
1 25544U 98067A   17311.89707269  .00002030  00000-0  37979-4 0  9995
2 25544  51.6429  41.9043 0004382  96.4564  15.4253 15.54073835 84105
0 ISS (ZARYA)
1 25544U 98067A   17312.08219455  .00002024  00000-0  37901-4 0  9990
2 25544  51.6428  40.9812 0004401  97.5759 330.6882 15.54074733 84138
0 ISS (ZARYA)
1 25544U 98067A   17312.27322878  .00002105  00000-0  39119-4 0  9998
2 25544  51.6427  40.0298 0004416  96.7685 320.9794 15.54076281 84168
0 ISS (ZARYA)
1 25544U 98067A   17312.55361111  .00002068  00000-0  38554-4 0  9992
2 25544  51.6424  38.6321 0004305 100.0031  87.4339 15.54077613 84201
0 ISS (ZARYA)
1 25544U 98067A   17312.55361111  .00002068  00000-0  38554-4 0  9992
2 25544  51.6424  38.6321 0004305 100.0031  87.4339 15.54077613 84201
0 ISS (ZARYA)
1 25544U 98067A   17312.60175848  .00002061  00000-0  38456-4 0  9992
2 25544  51.6424  38.3921 0004314 100.2141 356.7708 15.54077853 84217
0 ISS (ZARYA)
1 25544U 98067A   17312.73754074  .00001971  00000-0  37088-4 0  9999
2 25544  51.6431  37.7166 0004317 100.2423  36.9042 15.54078399 84231
0 ISS (ZARYA)
1 25544U 98067A   17312.73754074  .00001971  00000-0  37083-4 0  9994
2 25544  51.6431  37.7166 0004317 100.2401  36.9064 15.54078398 84230
0 ISS (ZARYA)
1 25544U 98067A   17313.04498236  .00002048  00000-0  38256-4 0  9993
2 25544  51.6436  36.1836 0004377  99.6833 318.6427 15.54080249 84284
0 ISS (ZARYA)
1 25544U 98067A   17313.24531503  .00002638  00000-0  47166-4 0  9995
2 25544  51.6437  35.1846 0004395  99.3897   0.4968 15.54085036 84311
0 ISS (ZARYA)
1 25544U 98067A   17313.43096351  .00002978  00000-0  52288-4 0  9991
2 25544  51.6436  34.2586 0004395 100.0529 319.1807 15.54088183 84344
0 ISS (ZARYA)
1 25544U 98067A   17313.43096351  .00002978  00000-0  52288-4 0  9991
2 25544  51.6436  34.2586 0004395 100.0529 319.1807 15.54088183 84344
0 ISS (ZARYA)
1 25544U 98067A   17313.56535315  .00003607  00000-0  61797-4 0  9998
2 25544  51.6434  33.5885 0004389  96.9884 354.6238 15.54092107 84361
0 ISS (ZARYA)
1 25544U 98067A   17313.75866119  .00004171  00000-0  70295-4 0  9998
2 25544  51.6433  32.6246 0004490 100.8887 352.9635 15.54096787 84395
0 ISS (ZARYA)
1 25544U 98067A   17313.76769884  .00009352  00000-0  14842-3 0  9991
2 25544  51.6427  32.5829 0004412  99.8081  44.6508 15.54109039 84390
0 ISS (ZARYA)
1 25544U 98067A   17313.93009259  .00007750  00000-0  12427-3 0  9990
2 25544  51.6431  31.7712 0004442 102.0530 231.5681 15.54109324 84415
0 ISS (ZARYA)
1 25544U 98067A   17314.26864817  .00006424  00000-0  10426-3 0  9990
2 25544  51.6419  30.0864 0004528 102.0338 326.9831 15.54110710 84475
0 ISS (ZARYA)
1 25544U 98067A   17314.40254821  .00006490  00000-0  10525-3 0  9997
2 25544  51.6429  29.4166 0004559 104.3372 354.3186 15.54111847 84492
0 ISS (ZARYA)
1 25544U 98067A   17314.40254821  .00006490  00000-0  10525-3 0  9997
2 25544  51.6429  29.4166 0004559 104.3372 354.3186 15.54111847 84492
0 ISS (ZARYA)
1 25544U 98067A   17314.96219907  .00004514  00000-0  75429-4 0  9994
2 25544  51.6419  26.6287 0004636 106.5939 245.2690 15.54113936 84571
0 ISS (ZARYA)
1 25544U 98067A   17315.23377914  .00005417  00000-0  89042-4 0  9997
2 25544  51.6420  25.2745 0004594 105.5537 326.7613 15.54119210 84620
0 ISS (ZARYA)
1 25544U 98067A   17315.23987529  .00005326  00000-0  87664-4 0  9993
2 25544  51.6423  25.2438 0004523 106.0141   0.4301 15.54119057 84620
0 ISS (ZARYA)
1 25544U 98067A   17315.50133193  .00005043  00000-0  83390-4 0  9991
2 25544  51.6425  23.9402 0004466 107.9683  22.2495 15.54120941 84669
0 ISS (ZARYA)
1 25544U 98067A   17315.50133193  .00005043  00000-0  83390-4 0  9991
2 25544  51.6425  23.9402 0004466 107.9683  22.2495 15.54120941 84669
0 ISS (ZARYA)
1 25544U 98067A   17315.56880133  .00005890  00000-0  96163-4 0  9992
2 25544  51.6430  23.6021 0004541 106.0022  41.9500 15.54124397 84675
0 ISS (ZARYA)
1 25544U 98067A   17315.92716435  .00005722  00000-0  93617-4 0  9990
2 25544  51.6433  21.8155 0004512 106.4139 247.8526 15.54128049 84726
0 ISS (ZARYA)
1 25544U 98067A   17316.06942188  .00005702  00000-0  93310-4 0  9990
2 25544  51.6432  21.1061 0004497 109.7676 320.9406 15.54129759 84750
0 ISS (ZARYA)
1 25544U 98067A   17316.26412257  .00005415  00000-0  88983-4 0  9992
2 25544  51.6431  20.1353 0004432 109.0238 331.7244 15.54130576 84780
0 ISS (ZARYA)
1 25544U 98067A   17316.52021446  .00004742  00000-0  78834-4 0  9993
2 25544  51.6431  18.8598 0004400 110.8518 323.6366 15.54130320 84828
0 ISS (ZARYA)
1 25544U 98067A   17316.52021446  .00004742  00000-0  78834-4 0  9993
2 25544  51.6431  18.8598 0004400 110.8518 323.6366 15.54130320 84828
0 ISS (ZARYA)
1 25544U 98067A   17316.59760811  .00004705  00000-0  78272-4 0  9991
2 25544  51.6431  18.4738 0004418 111.3422  36.4405 15.54130980 84835
0 ISS (ZARYA)
1 25544U 98067A   17316.88912037  .00004714  00000-0  78401-4 0  9996
2 25544  51.6432  17.0202 0004414 112.0154 227.8246 15.54134137 84874
0 ISS (ZARYA)
1 25544U 98067A   17316.95881944  .00004707  00000-0  78283-4 0  9996
2 25544  51.6432  16.6731 0004395 110.7782 259.2776 15.54134889 84899
0 ISS (ZARYA)
1 25544U 98067A   17317.16680564  .00004595  00000-0  76602-4 0  9993
2 25544  51.6431  15.6361 0004419 111.8933 342.5921 15.54136494 84929
0 ISS (ZARYA)
1 25544U 98067A   17317.28557243  .00004235  00000-0  71169-4 0  9997
2 25544  51.6429  15.0440 0004472 110.8922 288.5155 15.54136090 84946
0 ISS (ZARYA)
1 25544U 98067A   17317.50841435  .00004073  00000-0  68726-4 0  9996
2 25544  51.6431  13.9328 0004461 111.6199  95.3872 15.54137277 84975
0 ISS (ZARYA)
1 25544U 98067A   17317.50841435  .00004073  00000-0  68726-4 0  9996
2 25544  51.6431  13.9328 0004461 111.6199  95.3872 15.54137277 84975
0 ISS (ZARYA)
1 25544U 98067A   17317.62840120  .00004117  00000-0  69389-4 0  9994
2 25544  51.6432  13.3344 0004461 113.6331  45.1344 15.54138509 84996
0 ISS (ZARYA)
1 25544U 98067A   17317.69239547  .00004097  00000-0  69077-4 0  9997
2 25544  51.6432  13.0151 0004473 113.8579  43.1885 15.54139029 85007
0 ISS (ZARYA)
1 25544U 98067A   17318.26590781  .00003604  00000-0  61643-4 0  9995
2 25544  51.6422  10.1568 0004534 114.4628  13.4467 15.54141338 85097
0 ISS (ZARYA)
1 25544U 98067A   17318.58549061  .00003442  00000-0  59198-4 0  9997
2 25544  51.6423   8.5641 0004496 115.5186   1.6100 15.54143035 85144
0 ISS (ZARYA)
1 25544U 98067A   17318.58549061  .00003442  00000-0  59198-4 0  9997
2 25544  51.6423   8.5641 0004496 115.5186   1.6100 15.54143035 85144
0 ISS (ZARYA)
1 25544U 98067A   17318.65452265  .00003432  00000-0  59041-4 0  9990
2 25544  51.6423   8.2198 0004494 115.7757  27.8374 15.54143526 85151
0 ISS (ZARYA)
1 25544U 98067A   17318.77714300  .00003103  00000-0  54083-4 0  9990
2 25544  51.6427   7.6093 0004394 116.1341 353.9805 15.54143139 85179
0 ISS (ZARYA)
1 25544U 98067A   17318.88542824  .00001887  00000-0  35750-4 0  9999
2 25544  51.6423   7.0721 0004360 116.9996 239.3544 15.54139980 85181
0 ISS (ZARYA)
1 25544U 98067A   17319.22278352  .00003467  00000-0  59566-4 0  9997
2 25544  51.6415   5.3918 0004276 115.8755 329.2094 15.54146094 85248
0 ISS (ZARYA)
1 25544U 98067A   17319.28975696  .00003054  00000-0  53343-4 0  9997
2 25544  51.6416   5.0577 0004285 116.3155 343.7271 15.54145485 85259
0 ISS (ZARYA)
1 25544U 98067A   17319.28975696  .00003054  00000-0  53343-4 0  9997
2 25544  51.6416   5.0577 0004285 116.3155 343.7271 15.54145485 85259
0 ISS (ZARYA)
1 25544U 98067A   17319.54951277  .00002831  00000-0  49966-4 0  9993
2 25544  51.6425   3.7582 0004362 118.7470 355.5778 15.54147157 85297
0 ISS (ZARYA)
1 25544U 98067A   17319.61769041  .00002755  00000-0  48827-4 0  9997
2 25544  51.6426   3.4187 0004345 119.2277  16.7988 15.54147376 85302
0 ISS (ZARYA)
1 25544U 98067A   17319.74126422  .00002733  00000-0  48492-4 0  9995
2 25544  51.6427   2.8028 0004331 119.6605 348.2112 15.54148091 85323
0 ISS (ZARYA)
1 25544U 98067A   17319.91612269  .00003084  00000-0  53780-4 0  9999
2 25544  51.6417   1.9340 0004317 119.3020 247.5386 15.54149960 85354
0 ISS (ZARYA)
1 25544U 98067A   17320.18602132  .00003740  00000-0  63652-4 0  9996
2 25544  51.6420   0.5879 0004276 120.1336 317.7839 15.54154495 85390
0 ISS (ZARYA)
1 25544U 98067A   17320.25760845  .00002780  00000-0  49193-4 0  9997
2 25544  51.6424   0.2290 0004339 120.9517 357.7535 15.54152007 85403
0 ISS (ZARYA)
1 25544U 98067A   17320.58149788  .00003295  00000-0  56951-4 0  9992
2 25544  51.6424 358.6134 0004424 120.6220  11.4433 15.54157095 85451
0 ISS (ZARYA)
1 25544U 98067A   17320.58149788  .00003295  00000-0  56951-4 0  9992
2 25544  51.6424 358.6134 0004424 120.6220  11.4433 15.54157095 85451
0 ISS (ZARYA)
1 25544U 98067A   17320.81172454  .00003295  00000-0  56951-4 0  9994
2 25544  51.6424 357.4652 0004424 121.4707 219.5597 15.54158837 85482
0 ISS (ZARYA)
1 25544U 98067A   17320.95529921  .00003296  00000-0  56951-4 0  9995
2 25544  51.6424 356.7492 0004424 122.0097 302.8501 15.54159924 85518
0 ISS (ZARYA)
1 25544U 98067A   17321.14365748  .00003296  00000-0  56951-4 0  9992
2 25544  51.6424 355.8098 0004424 122.7082 276.7109 15.54161349 85541
0 ISS (ZARYA)
1 25544U 98067A   17321.28316475  .00003671  00000-0  62598-4 0  9991
2 25544  51.6419 355.1157 0004315 122.8559 337.6290 15.54164445 85563
0 ISS (ZARYA)
1 25544U 98067A   17321.54432877  .00003966  00000-0  67032-4 0  9990
2 25544  51.6417 353.8147 0004361 124.0709 358.5980 15.54167898 85605
0 ISS (ZARYA)
1 25544U 98067A   17321.61224079  .00003983  00000-0  67293-4 0  9999
2 25544  51.6416 353.4762 0004355 124.1371  18.7521 15.54168580 85618
0 ISS (ZARYA)
1 25544U 98067A   17321.61224079  .00003983  00000-0  67293-4 0  9999
2 25544  51.6416 353.4762 0004355 124.1371  18.7521 15.54168580 85618
0 ISS (ZARYA)
1 25544U 98067A   17321.84218750  .00004135  00000-0  69573-4 0  9996
2 25544  51.6419 352.3297 0004344 124.6460 225.6516 15.54171280 85641
0 ISS (ZARYA)
1 25544U 98067A   17321.91925515  .00004129  00000-0  69484-4 0  9992
2 25544  51.6418 351.9459 0004388 125.4063 296.3725 15.54171977 85663
0 ISS (ZARYA)
1 25544U 98067A   17322.11390571  .00004138  00000-0  69605-4 0  9998
2 25544  51.6417 350.9757 0004376 125.9989 305.5760 15.54173808 85691
0 ISS (ZARYA)
1 25544U 98067A   17322.24806701  .00004090  00000-0  68891-4 0  9992
2 25544  51.6417 350.3065 0004386 126.8467 335.8607 15.54174693 85711
0 ISS (ZARYA)
1 25544U 98067A   17322.50766042  .00004143  00000-0  69679-4 0  9998
2 25544  51.6414 349.0123 0004362 127.6710 348.4326 15.54177180 85758
0 ISS (ZARYA)
1 25544U 98067A   17322.50766042  .00004143  00000-0  69679-4 0  9998
2 25544  51.6414 349.0123 0004362 127.6710 348.4326 15.54177180 85758
0 ISS (ZARYA)
1 25544U 98067A   17322.57575198  .00004143  00000-0  69679-4 0  9995
2 25544  51.6414 348.6727 0004362 127.9244   9.4068 15.54177811 85767
0 ISS (ZARYA)
1 25544U 98067A   17322.80928241  .00004143  00000-0  69679-4 0  9992
2 25544  51.6414 347.5080 0004362 128.7857 236.0252 15.54179974 85806
0 ISS (ZARYA)
1 25544U 98067A   17322.95053927  .00004162  00000-0  69955-4 0  9996
2 25544  51.6415 346.8032 0004306 128.6427 307.0316 15.54181392 85825
0 ISS (ZARYA)
1 25544U 98067A   17323.21560669  .00003803  00000-0  64545-4 0  9993
2 25544  51.6415 345.4811 0004352 130.6349 349.0848 15.54182043 85866
0 ISS (ZARYA)
1 25544U 98067A   17323.27753696  .00003755  00000-0  63830-4 0  9995
2 25544  51.6415 345.1729 0004397 131.1673 335.2838 15.54182228 85878
0 ISS (ZARYA)
1 25544U 98067A   17323.47126552  .00003772  00000-0  64076-4 0  9994
2 25544  51.6413 344.2065 0004363 131.0265 340.0665 15.54183998 85909
0 ISS (ZARYA)
1 25544U 98067A   17323.53999093  .00003772  00000-0  64076-4 0  9999
2 25544  51.6413 343.8638 0004362 131.2825   4.5885 15.54184584 85912
0 ISS (ZARYA)
1 25544U 98067A   17323.53999093  .00003772  00000-0  64076-4 0  9999
2 25544  51.6413 343.8638 0004362 131.2825   4.5885 15.54184584 85912
0 ISS (ZARYA)
1 25544U 98067A   17323.83488426  .00003772  00000-0  64076-4 0  9995
2 25544  51.6413 342.3930 0004362 132.3714 214.5425 15.54187097 85959
0 ISS (ZARYA)
1 25544U 98067A   17323.91436998  .00003706  00000-0  63082-4 0  9994
2 25544  51.6414 341.9965 0004294 131.3546 300.5808 15.54187466 85972
0 ISS (ZARYA)
1 25544U 98067A   17324.24264102  .00003343  00000-0  57615-4 0  9999
2 25544  51.6414 340.3594 0004390 132.0031 337.8467 15.54188409 86026
0 ISS (ZARYA)
1 25544U 98067A   17324.30449142  .00003348  00000-0  57680-4 0  9992
2 25544  51.6414 340.0517 0004434 132.6552 323.4819 15.54188872 86038
0 ISS (ZARYA)
1 25544U 98067A   17324.43486902  .00003270  00000-0  56505-4 0  9990
2 25544  51.6413 339.4016 0004326 132.4368 333.6533 15.54189295 86054
0 ISS (ZARYA)
1 25544U 98067A   17324.43486902  .00003270  00000-0  56505-4 0  9990
2 25544  51.6413 339.4016 0004326 132.4368 333.6533 15.54189295 86054
0 ISS (ZARYA)
1 25544U 98067A   17324.63593978  .00003114  00000-0  54153-4 0  9998
2 25544  51.6417 338.3998 0004120 131.5594  20.2791 15.54190049 86085
0 ISS (ZARYA)
1 25544U 98067A   17324.87732262  .00003266  00000-0  56446-4 0  9990
2 25544  51.6415 337.1961 0004326 135.4047 287.8946 15.54192699 86125
0 ISS (ZARYA)
1 25544U 98067A   17324.94339262  .00003273  00000-0  56546-4 0  9990
2 25544  51.6415 336.8666 0004323 135.6645 297.5481 15.54193233 86134
0 ISS (ZARYA)
1 25544U 98067A   17324.94339262  .00003273  00000-0  56546-4 0  9990
2 25544  51.6415 336.8666 0004323 135.6645 297.5481 15.54193233 86134
0 ISS (ZARYA)
1 25544U 98067A   17325.14314481  .00003135  00000-0  54467-4 0  9996
2 25544  51.6412 335.8708 0004363 136.5038 335.0807 15.54193999 86169
0 ISS (ZARYA)
1 25544U 98067A   17325.28385417  .00003067  00000-0  53434-4 0  9995
2 25544  51.6412 335.1690 0004348 136.4144  42.9718 15.54194486 86181
0 ISS (ZARYA)
1 25544U 98067A   17325.28385417  .00003067  00000-0  53434-4 0  9995
2 25544  51.6412 335.1690 0004348 136.4144  42.9718 15.54194486 86181
0 ISS (ZARYA)
1 25544U 98067A   17325.53460750  .00002819  00000-0  49709-4 0  9991
2 25544  51.6411 333.9187 0004328 138.1646   5.1392 15.54195064 86228
0 ISS (ZARYA)
1 25544U 98067A   17325.53460750  .00002819  00000-0  49709-4 0  9991
2 25544  51.6411 333.9187 0004328 138.1646   5.1392 15.54195064 86228
0 ISS (ZARYA)
1 25544U 98067A   17325.60009263  .00002709  00000-0  48044-4 0  9996
2 25544  51.6412 333.5923 0004264 138.5938  11.3472 15.54195017 86237
0 ISS (ZARYA)
1 25544U 98067A   17325.90826125  .00002709  00000-0  48044-4 0  9993
2 25544  51.6412 332.0553 0004264 139.7381 295.5825 15.54196987 86285
0 ISS (ZARYA)
1 25544U 98067A   17325.90826125  .00002766  00000-0  48899-4 0  9994
2 25544  51.6410 332.0566 0004285 140.5697 294.7521 15.54197309 86283
0 ISS (ZARYA)
1 25544U 98067A   17326.16792068  .00002631  00000-0  46864-4 0  9992
2 25544  51.6410 330.7622 0004347 142.0726 307.0347 15.54198333 86327
0 ISS (ZARYA)
1 25544U 98067A   17326.29764821  .00002632  00000-0  46883-4 0  9994
2 25544  51.6410 330.1155 0004343 142.3293 313.0995 15.54199120 86343
0 ISS (ZARYA)
1 25544U 98067A   17326.49589220  .00002632  00000-0  46883-4 0  9994
2 25544  51.6410 329.1267 0004343 143.0676 342.2956 15.54200356 86376
0 ISS (ZARYA)
1 25544U 98067A   17326.49589220  .00002632  00000-0  46883-4 0  9994
2 25544  51.6410 329.1267 0004343 143.0676 342.2956 15.54200356 86376
0 ISS (ZARYA)
1 25544U 98067A   17326.62805507  .00002632  00000-0  46883-4 0  9998
2 25544  51.6410 328.4676 0004343 143.5595   1.7618 15.54201181 86398
0 ISS (ZARYA)
1 25544U 98067A   17326.87236684  .00002628  00000-0  46822-4 0  9997
2 25544  51.6414 327.2505 0004297 144.2797 288.9043 15.54202918 86435
0 ISS (ZARYA)
1 25544U 98067A   17326.93863612  .00002676  00000-0  47541-4 0  9993
2 25544  51.6415 326.9199 0004284 144.3320 299.8846 15.54203645 86441
0 ISS (ZARYA)
1 25544U 98067A   17327.25073772  .00003227  00000-0  55823-4 0  9994
2 25544  51.6422 325.3683 0004417 145.1358 246.4996 15.54209264 86490
0 ISS (ZARYA)
1 25544U 98067A   17327.33560758  .00003117  00000-0  54162-4 0  9991
2 25544  51.6413 324.9429 0004286 145.2727   1.5367 15.54208680 86503
0 ISS (ZARYA)
1 25544U 98067A   17327.52860802  .00003278  00000-0  56581-4 0  9990
2 25544  51.6412 323.9810 0004373 146.3625   1.0331 15.54210813 86531
0 ISS (ZARYA)
1 25544U 98067A   17327.52860802  .00003278  00000-0  56581-4 0  9990
2 25544  51.6412 323.9810 0004373 146.3625   1.0331 15.54210813 86531
0 ISS (ZARYA)
1 25544U 98067A   17327.69321759  .00003331  00000-0  57379-4 0  9997
2 25544  51.6413 323.1593 0004267 145.0829 203.9401 15.54212323 86557
0 ISS (ZARYA)
1 25544U 98067A   17327.83518688  .00003312  00000-0  57089-4 0  9999
2 25544  51.6412 322.4519 0004383 147.4712 276.4214 15.54213278 86582
0 ISS (ZARYA)
1 25544U 98067A   17328.10143014  .00003325  00000-0  57288-4 0  9992
2 25544  51.6411 321.1244 0004358 148.1207 326.4367 15.54215392 86620
0 ISS (ZARYA)
1 25544U 98067A   17328.24177083  .00003358  00000-0  57777-4 0  9999
2 25544  51.6411 320.4249 0004376 148.7025  31.6064 15.54216525 86641
0 ISS (ZARYA)
1 25544U 98067A   17328.30743056  .00003472  00000-0  59488-4 0  9993
2 25544  51.6407 320.0980 0004356 149.0109  38.9204 15.54217487 86654
0 ISS (ZARYA)
1 25544U 98067A   17328.30743056  .00003472  00000-0  59488-4 0  9993
2 25544  51.6407 320.0980 0004356 149.0109  38.9204 15.54217487 86654
0 ISS (ZARYA)
1 25544U 98067A   17328.49210150  .00003614  00000-0  61627-4 0  9993
2 25544  51.6410 319.1776 0004401 149.7639 352.1227 15.54219617 86682
0 ISS (ZARYA)
1 25544U 98067A   17328.86808010  .00003771  00000-0  63974-4 0  9993
2 25544  51.6411 317.3026 0004343 151.1206 295.8385 15.54223575 86746
0 ISS (ZARYA)
1 25544U 98067A   17328.93491296  .00003818  00000-0  64673-4 0  9994
2 25544  51.6408 316.9692 0004311 151.2567 309.8951 15.54224410 86757
0 ISS (ZARYA)
1 25544U 98067A   17329.06072884  .00003734  00000-0  63419-4 0  9991
2 25544  51.6407 316.3420 0004301 151.4085 294.1740 15.54224990 86772
0 ISS (ZARYA)
1 25544U 98067A   17329.17897613  .00003646  00000-0  62089-4 0  9992
2 25544  51.6408 315.7519 0004287 151.5681 236.0693 15.54225445 86791
0 ISS (ZARYA)
1 25544U 98067A   17329.29553771  .00003570  00000-0  60950-4 0  9990
2 25544  51.6412 315.1715 0004232 152.1681 168.0851 15.54225909 86802
0 ISS (ZARYA)
1 25544U 98067A   17329.45564698  .00003571  00000-0  60950-4 0  9999
2 25544  51.6412 314.3729 0004232 152.7731 343.9202 15.54227209 86832
0 ISS (ZARYA)
1 25544U 98067A   17329.45564698  .00003571  00000-0  60950-4 0  9999
2 25544  51.6412 314.3729 0004232 152.7731 343.9202 15.54227209 86832
0 ISS (ZARYA)
1 25544U 98067A   17329.68403935  .00003566  00000-0  60884-4 0  9990
2 25544  51.6419 313.2353 0004316 153.6349 181.8119 15.54229135 86867
0 ISS (ZARYA)
1 25544U 98067A   17329.82926763  .00003519  00000-0  60163-4 0  9993
2 25544  51.6420 312.5112 0004218 152.6151 275.9542 15.54230156 86898
0 ISS (ZARYA)
1 25544U 98067A   17329.95298476  .00003551  00000-0  60650-4 0  9997
2 25544  51.6421 311.8940 0004204 152.9062 248.3491 15.54231379 86917
0 ISS (ZARYA)
1 25544U 98067A   17330.22332065  .00003461  00000-0  59297-4 0  9997
2 25544  51.6425 310.5453 0004213 153.5059 321.3448 15.54233184 86953
0 ISS (ZARYA)
1 25544U 98067A   17330.29150507  .00003462  00000-0  59297-4 0  9994
2 25544  51.6425 310.2053 0004213 153.7607 342.8514 15.54233722 86968
0 ISS (ZARYA)
1 25544U 98067A   17330.48573378  .00003462  00000-0  59297-4 0  9990
2 25544  51.6425 309.2365 0004213 154.4841 349.6058 15.54235257 86996
0 ISS (ZARYA)
1 25544U 98067A   17330.48573378  .00003462  00000-0  59297-4 0  9990
2 25544  51.6425 309.2365 0004213 154.4841 349.6058 15.54235257 86996
0 ISS (ZARYA)
1 25544U 98067A   17330.48573378  .00003462  00000-0  59297-4 0  9990
2 25544  51.6425 309.2365 0004213 154.4841 349.6058 15.54235257 86996
0 ISS (ZARYA)
1 25544U 98067A   17330.71460648  .00003549  00000-0  60599-4 0  9994
2 25544  51.6430 308.0962 0004156 155.1593 190.3808 15.54237585 87025
0 ISS (ZARYA)
1 25544U 98067A   17330.99569027  .00003456  00000-0  59208-4 0  9997
2 25544  51.6427 306.6944 0004138 155.0450 324.2726 15.54239375 87077
0 ISS (ZARYA)
1 25544U 98067A   17331.18301862  .00003410  00000-0  58501-4 0  9995
2 25544  51.6427 305.7600 0004132 155.7408 292.4214 15.54240471 87101
0 ISS (ZARYA)
1 25544U 98067A   17331.28986542  .00003457  00000-0  59214-4 0  9993
2 25544  51.6426 305.2273 0004137 155.8660 170.5298 15.54241541 87115
0 ISS (ZARYA)
1 25544U 98067A   17331.45001640  .00003498  00000-0  59828-4 0  9995
2 25544  51.6427 304.4286 0004131 156.3747 346.7039 15.54242970 87147
0 ISS (ZARYA)
1 25544U 98067A   17331.45001640  .00003498  00000-0  59828-4 0  9995
2 25544  51.6427 304.4286 0004131 156.3747 346.7039 15.54242970 87147
0 ISS (ZARYA)
1 25544U 98067A   17331.94504994  .00003454  00000-0  59159-4 0  9998
2 25544  51.6427 301.9600 0004117 157.7977 236.9687 15.54246683 87226
0 ISS (ZARYA)
1 25544U 98067A   17332.08586883  .00003403  00000-0  58387-4 0  9997
2 25544  51.6430 301.2575 0004116 158.2057 305.0044 15.54247498 87240
0 ISS (ZARYA)
1 25544U 98067A   17332.28575632  .00003326  00000-0  57234-4 0  9993
2 25544  51.6431 300.2614 0004099 158.9129 343.4648 15.54248554 87274
0 ISS (ZARYA)
1 25544U 98067A   17332.41347981  .00003178  00000-0  54998-4 0  9991
2 25544  51.6432 299.6246 0004019 159.5094 337.9907 15.54248903 87293
0 ISS (ZARYA)
1 25544U 98067A   17332.41347981  .00003190  00000-0  55190-4 0  9990
2 25544  51.6433 299.6246 0004017 159.3878 338.1123 15.54248960 87296
0 ISS (ZARYA)
1 25544U 98067A   17332.41347981  .00003178  00000-0  54998-4 0  9991
2 25544  51.6432 299.6246 0004019 159.5094 337.9907 15.54248903 87293
0 ISS (ZARYA)
1 25544U 98067A   17332.85652304  .00003194  00000-0  55235-4 0  9990
2 25544  51.6432 297.4149 0004012 161.2109 296.8946 15.54252275 87362
0 ISS (ZARYA)
1 25544U 98067A   17332.92187038  .00003148  00000-0  54543-4 0  9995
2 25544  51.6429 297.0888 0004025 161.4712 302.5145 15.54252479 87373
0 ISS (ZARYA)
1 25544U 98067A   17333.12803241  .00003036  00000-0  52870-4 0  9996
2 25544  51.6431 296.0607 0004049 162.1523  16.1361 15.54253315 87400
0 ISS (ZARYA)
1 25544U 98067A   17333.24922317  .00003053  00000-0  53117-4 0  9999
2 25544  51.6431 295.4569 0004020 162.0436 334.7941 15.54254223 87425
0 ISS (ZARYA)
1 25544U 98067A   17333.37589332  .00003060  00000-0  53220-4 0  9992
2 25544  51.6431 294.8254 0003958 162.4541 323.6133 15.54255229 87448
0 ISS (ZARYA)
1 25544U 98067A   17333.37589332  .00003072  00000-0  53398-4 0  9991
2 25544  51.6432 294.8255 0003958 162.3320 323.7356 15.54255296 87446
0 ISS (ZARYA)
1 25544U 98067A   17333.37589332  .00003060  00000-0  53220-4 0  9992
2 25544  51.6431 294.8254 0003958 162.4541 323.6133 15.54255229 87448
0 ISS (ZARYA)
1 25544U 98067A   17333.81906836 -.00194937  00000-0 -30212-2 0  9993
2 25544  51.6430 292.6153 0003789 173.6526 273.6569 15.54021137 87514
0 ISS (ZARYA)
1 25544U 98067A   17333.81906836 -.00194937  00000-0 -30212-2 0  9993
2 25544  51.6430 292.6153 0003789 173.6526 273.6569 15.54021137 87514
0 ISS (ZARYA)
1 25544U 98067A   17333.81906836 -.00194937  00000-0 -30212-2 0  9993
2 25544  51.6430 292.6153 0003789 173.6526 273.6569 15.54021137 87514
0 ISS (ZARYA)
1 25544U 98067A   17333.88483784 -.00184295 +00000-0 -28542-2 0  9991
2 25544 051.6424 292.2866 0003799 174.5252 280.9737 15.54001017087525
0 ISS (ZARYA)
1 25544U 98067A   17334.22465278  .00098737  00000-0  14827-2 0  9992
2 25544  51.6418 290.5929 0003493 182.0846  15.7902 15.54079339 87578
0 ISS (ZARYA)
1 25544U 98067A   17334.27895881  .00063903  00000-0  96663-3 0  9990
2 25544  51.6426 290.3245 0003462 180.3769 321.5173 15.54072699 87588
0 ISS (ZARYA)
1 25544U 98067A   17334.46463228  .00033211  00000-0  50783-3 0  9999
2 25544  51.6432 289.3984 0003304 177.2724 284.0798 15.54071153 87618
0 ISS (ZARYA)
1 25544U 98067A   17334.46463228  .00033211  00000-0  50783-3 0  9999
2 25544  51.6432 289.3984 0003304 177.2724 284.0798 15.54071153 87618
0 ISS (ZARYA)
1 25544U 98067A   17334.84857093 -.00005101  00000-0 -70062-4 0  9990
2 25544  51.6433 287.4836 0003392 178.3883 272.3538 15.54046312 87676
0 ISS (ZARYA)
1 25544U 98067A   17334.91577597 -.00018328  00000-0 -27114-3 0  9990
2 25544  51.6426 287.1489 0003466 183.7835 283.1860 15.54033939 87688
0 ISS (ZARYA)
1 25544U 98067A   17335.12069444  .00027757  00000-0  42628-3 0  9992
2 25544  51.6412 286.1293 0003547 184.6002 349.5541 15.54046569 87711
0 ISS (ZARYA)
1 25544U 98067A   17335.30998875  .00045230  00000-0  68787-3 0  9991
2 25544  51.6428 285.1882 0003495 180.1636 333.7272 15.54073372 87748
0 ISS (ZARYA)
1 25544U 98067A   17335.37265353  .00036663  00000-0  55958-3 0  9992
2 25544  51.6427 284.8750 0003522 180.2908 324.4182 15.54072402 87752
0 ISS (ZARYA)
1 25544U 98067A   17335.37265353  .00036663  00000-0  55958-3 0  9992
2 25544  51.6427 284.8750 0003522 180.2908 324.4182 15.54072402 87752
0 ISS (ZARYA)
1 25544U 98067A   17335.59976852  .00027120  00000-0  41622-3 0  9990
2 25544  51.6430 283.7421 0003423 180.6813 155.4973 15.54078305 87789
0 ISS (ZARYA)
1 25544U 98067A   17335.87924198 +.00009348 +00000-0 +14861-3 0  9994
2 25544 051.6430 282.3486 0003412 182.6364 278.1093 15.54064118087835
0 ISS (ZARYA)
1 25544U 98067A   17336.20784323  .00004651  00000-0  77634-4 0  9996
2 25544  51.6450 280.7097 0003372 185.0417 315.3154 15.54061731 87883
0 ISS (ZARYA)
1 25544U 98067A   17336.27356874  .00003389  00000-0  58554-4 0  9996
2 25544  51.6443 280.3798 0003428 184.2702 324.0417 15.54060713 87898
0 ISS (ZARYA)
1 25544U 98067A   17336.56606481  .00003652  00000-0  62523-4 0  9994
2 25544  51.6443 278.9217 0003376 184.6530 161.1511 15.54063962 87931
0 ISS (ZARYA)
1 25544U 98067A   17336.70926395  .00003764  00000-0  64215-4 0  9993
2 25544  51.6442 278.2077 0003364 185.3376 242.1452 15.54065545 87966
0 ISS (ZARYA)
1 25544U 98067A   17336.70926395  .00003764  00000-0  64215-4 0  9993
2 25544  51.6442 278.2077 0003364 185.3376 242.1452 15.54065545 87966
0 ISS (ZARYA)
1 25544U 98067A   17336.90912432  .00003596  00000-0  61675-4 0  9992
2 25544  51.6435 277.2132 0003375 185.5918 280.7760 15.54066539 87992
0 ISS (ZARYA)
1 25544U 98067A   17336.97551464  .00003596  00000-0  61675-4 0  9993
2 25544  51.6435 276.8822 0003375 185.8404 292.2037 15.54067081 88007
0 ISS (ZARYA)
1 25544U 98067A   17337.23725975  .00003597  00000-0  61675-4 0  9994
2 25544  51.6435 275.5770 0003375 186.8184 316.5677 15.54069218 88049
0 ISS (ZARYA)
1 25544U 98067A   17337.30418999  .00003464  00000-0  59670-4 0  9992
2 25544  51.6439 275.2433 0003355 187.2372 330.8461 15.54069183 88050
0 ISS (ZARYA)
1 25544U 98067A   17337.52950231  .00003450  00000-0  59458-4 0  9995
2 25544  51.6439 274.1200 0003337 188.2152 151.2477 15.54070904 88085
0 ISS (ZARYA)
1 25544U 98067A   17337.52950231  .00003450  00000-0  59458-4 0  9995
2 25544  51.6439 274.1200 0003337 188.2152 151.2477 15.54070904 88085
0 ISS (ZARYA)
1 25544U 98067A   17337.59722222  .00003454  00000-0  59516-4 0  9998
2 25544  51.6439 273.7823 0003344 188.3914 170.1923 15.54071447 88096
0 ISS (ZARYA)
1 25544U 98067A   17337.79862672  .00003582  00000-0  61447-4 0  9992
2 25544  51.6437 272.7784 0003319 189.3685 216.7539 15.54073644 88133
0 ISS (ZARYA)
1 25544U 98067A   17337.93950413  .00003326  00000-0  57578-4 0  9995
2 25544  51.6433 272.0773 0003289 189.3171 285.4841 15.54073455 88157
0 ISS (ZARYA)
1 25544U 98067A   17338.20294508  .00003145  00000-0  54841-4 0  9991
2 25544  51.6434 270.7642 0003329 190.9546 318.6844 15.54074455 88194
0 ISS (ZARYA)
1 25544U 98067A   17338.26806274  .00003122  00000-0  54490-4 0  9991
2 25544  51.6434 270.4396 0003305 191.4650 322.7265 15.54074792 88202
0 ISS (ZARYA)
1 25544U 98067A   17338.33021481  .00003111  00000-0  54317-4 0  9994
2 25544  51.6434 270.1298 0003296 191.8579 310.2842 15.54075180 88219
0 ISS (ZARYA)
1 25544U 98067A   17338.62918981  .00003071  00000-0  53716-4 0  9993
2 25544  51.6428 268.6403 0003296 192.2093 183.7079 15.54077046 88261
0 ISS (ZARYA)
1 25544U 98067A   17338.62918981  .00003071  00000-0  53716-4 0  9993
2 25544  51.6428 268.6403 0003296 192.2093 183.7079 15.54077046 88261
0 ISS (ZARYA)
1 25544U 98067A   17338.83787056  .00002966  00000-0  52122-4 0  9995
2 25544  51.6431 267.5994 0003283 193.4933 270.6985 15.54078041 88291
0 ISS (ZARYA)
1 25544U 98067A   17339.02835120  .00002862  00000-0  50551-4 0  9992
2 25544  51.6433 266.6493 0003302 193.9000 256.6746 15.54078706 88320
0 ISS (ZARYA)
1 25544U 98067A   17339.23212458  .00002820  00000-0  49910-4 0  9999
2 25544  51.6434 265.6339 0003270 194.9914 316.3853 15.54079834 88357
0 ISS (ZARYA)
1 25544U 98067A   17339.28749383  .00002756  00000-0  48934-4 0  9999
2 25544  51.6434 265.3582 0003252 195.4940 265.8607 15.54079944 88367
0 ISS (ZARYA)
1 25544U 98067A   17339.29375948  .00002762  00000-0  49035-4 0  9992
2 25544  51.6434 265.3270 0003249 195.4945 300.9379 15.54080026 88362
0 ISS (ZARYA)
1 25544U 98067A   17339.29375948  .00002762  00000-0  49035-4 0  9992
2 25544  51.6434 265.3270 0003249 195.4945 300.9379 15.54080026 88362
0 ISS (ZARYA)
1 25544U 98067A   17339.60142787  .00002624  00000-0  46946-4 0  9995
2 25544  51.6436 263.7934 0003243 196.9008 221.9806 15.54081426 88411
0 ISS (ZARYA)
1 25544U 98067A   17339.73450429  .00002624  00000-0  46946-4 0  9994
2 25544  51.6436 263.1298 0003243 197.3979 246.4991 15.54082253 88438
0 ISS (ZARYA)
1 25544U 98067A   17339.99204508  .00003075  00000-0  53753-4 0  9992
2 25544  51.6433 261.8477 0003167 198.4904 247.2307 15.54085784 88470
0 ISS (ZARYA)
1 25544U 98067A   17340.19556749  .00003468  00000-0  59693-4 0  9998
2 25544  51.6433 260.8333 0003272 199.1654 305.9665 15.54088956 88504
0 ISS (ZARYA)
1 25544U 98067A   17340.25730594  .00003787  00000-0  64500-4 0  9994
2 25544  51.6431 260.5252 0003236 199.0825 291.6929 15.54090880 88512
0 ISS (ZARYA)
1 25544U 98067A   17340.55265046  .00003773  00000-0  64291-4 0  9994
2 25544  51.6431 259.0525 0003227 200.2075 144.0367 15.54093333 88557
0 ISS (ZARYA)
1 25544U 98067A   17340.55265046  .00003773  00000-0  64291-4 0  9994
2 25544  51.6431 259.0525 0003227 200.2075 144.0367 15.54093333 88557
0 ISS (ZARYA)
1 25544U 98067A   17340.63018972  .00005351  00000-0  88104-4 0  9990
2 25544  51.6432 258.6675 0003240 199.9499 218.4011 15.54098712 88578
0 ISS (ZARYA)
1 25544U 98067A   17340.89895234  .00005137  00000-0  84869-4 0  9998
2 25544  51.6425 257.3291 0003199 200.2862 282.7204 15.54100901 88610
0 ISS (ZARYA)
1 25544U 98067A   17340.95921139  .00004974  00000-0  82412-4 0  9999
2 25544  51.6423 257.0286 0003221 200.6990 259.6648 15.54100932 88621
0 ISS (ZARYA)
1 25544U 98067A   17341.28840128  .00005157  00000-0  85153-4 0  9993
2 25544  51.6425 255.3876 0003192 201.4122 301.9164 15.54105312 88678
0 ISS (ZARYA)
1 25544U 98067A   17341.28840128  .00005157  00000-0  85153-4 0  9993
2 25544  51.6425 255.3876 0003192 201.4122 301.9164 15.54105312 88678
0 ISS (ZARYA)
1 25544U 98067A   17341.28840128  .00005155  00000-0  85133-4 0  9999
2 25544  51.6426 255.3875 0003179 201.3120 302.0166 15.54105313 88675
0 ISS (ZARYA)
1 25544U 98067A   17341.91400578  .00004403  00000-0  73765-4 0  9993
2 25544  51.6425 252.2664 0003208 205.4348 200.3338 15.54109112 88779
0 ISS (ZARYA)
1 25544U 98067A   17342.00238426  .00004395  00000-0  73640-4 0  9997
2 25544  51.6426 251.8256 0003203 205.7255 334.8303 15.54109930 88781
0 ISS (ZARYA)
1 25544U 98067A   17342.09306300  .00004497  00000-0  75182-4 0  9999
2 25544  51.6420 251.3743 0003184 207.0371 121.1845 15.54111188 88790
0 ISS (ZARYA)
1 25544U 98067A   17342.25197198  .00004746  00000-0  78931-4 0  9992
2 25544  51.6422 250.5826 0003198 205.6683 292.2097 15.54113839 88828
0 ISS (ZARYA)
1 25544U 98067A   17342.48576389  .00004773  00000-0  79327-4 0  9990
2 25544  51.6422 249.4168 0003173 206.8308 159.9370 15.54116393 88869
0 ISS (ZARYA)
1 25544U 98067A   17342.48576389  .00004773  00000-0  79327-4 0  9990
2 25544  51.6422 249.4168 0003173 206.8308 159.9370 15.54116393 88869
0 ISS (ZARYA)
1 25544U 98067A   17342.62568438  .00004768  00000-0  79249-4 0  9999
2 25544  51.6422 248.7191 0003180 207.2871 222.8299 15.54117830 88884
0 ISS (ZARYA)
1 25544U 98067A   17342.87820388  .00004568  00000-0  76221-4 0  9996
2 25544  51.6422 247.4599 0003213 207.7651 196.0879 15.54119361 88922
0 ISS (ZARYA)
1 25544U 98067A   17342.96603009  .00004526  00000-0  75597-4 0  9994
2 25544  51.6423 247.0219 0003206 208.3258 327.2244 15.54119971 88932
0 ISS (ZARYA)
1 25544U 98067A   17343.12301249  .00004417  00000-0  73941-4 0  9994
2 25544  51.6419 246.2399 0003152 209.3624 125.0558 15.54120748 88953
0 ISS (ZARYA)
1 25544U 98067A   17343.27310274  .00004170  00000-0  70208-4 0  9997
2 25544  51.6420 245.4915 0003135 211.8338 242.8677 15.54121086 88980
0 ISS (ZARYA)
1 25544U 98067A   17343.44785880  .00004174  00000-0  70274-4 0  9992
2 25544  51.6420 244.6202 0003137 212.5518 140.5301 15.54122749 89009
0 ISS (ZARYA)
1 25544U 98067A   17343.44785880  .00004174  00000-0  70274-4 0  9992
2 25544  51.6420 244.6202 0003137 212.5518 140.5301 15.54122749 89009
0 ISS (ZARYA)
1 25544U 98067A   17343.59062852  .00004112  00000-0  69339-4 0  9997
2 25544  51.6420 243.9083 0003080 212.9033 219.4815 15.54123815 89035
0 ISS (ZARYA)
1 25544U 98067A   17343.91304539  .00003422  00000-0  58915-4 0  9995
2 25544  51.6420 242.3011 0003080 209.8795 227.5599 15.54122965 89088
0 ISS (ZARYA)
1 25544U 98067A   17343.91624756  .00003422  00000-0  58915-4 0  9991
2 25544  51.6420 242.2852 0003080 209.8929 245.4740 15.54122990 89084
0 ISS (ZARYA)
1 25544U 98067A   17344.24667045  .00003096  00000-0  53990-4 0  9991
2 25544  51.6421 240.6378 0003043 211.5702 293.6840 15.54124169 89130
0 ISS (ZARYA)
1 25544U 98067A   17344.55908587  .00003007  00000-0  52642-4 0  9999
2 25544  51.6421 239.0797 0003037 213.0117 241.3183 15.54126012 89181
0 ISS (ZARYA)
1 25544U 98067A   17344.55908587  .00003007  00000-0  52642-4 0  9999
2 25544  51.6421 239.0797 0003037 213.0117 241.3183 15.54126012 89181
0 ISS (ZARYA)
1 25544U 98067A   17344.62033381 +.00002988 +00000-0 +52367-4 0  9999
2 25544 051.6421 238.7743 0003040 213.1684 224.0619 15.54126353089193
0 ISS (ZARYA)
1 25544U 98067A   17344.88263672  .00002424  00000-0  43855-4 0  9992
2 25544  51.6417 237.4664 0003105 213.2982 252.4424 15.54125148 89235
0 ISS (ZARYA)
1 25544U 98067A   17344.96215278 +.00002354 +00000-0 +42795-4 0  9994
2 25544 051.6417 237.0699 0003108 213.9493 336.9651 15.54125205089241
0 ISS (ZARYA)
1 25544U 98067A   17345.14852875  .00002253  00000-0  41266-4 0  9995
2 25544  51.6418 236.1408 0003096 214.8617 299.4877 15.54125690 89278
0 ISS (ZARYA)
1 25544U 98067A   17345.26737446  .00001877  00000-0  35588-4 0  9995
2 25544  51.6419 235.5486 0003087 216.9456 242.7640 15.54124722 89298
0 ISS (ZARYA)
1 25544U 98067A   17345.44295139  .00001876  00000-0  35572-4 0  9995
2 25544  51.6418 234.6730 0003086 217.6712 145.0166 15.54125547 89329
0 ISS (ZARYA)
1 25544U 98067A   17345.44295139  .00001876  00000-0  35572-4 0  9995
2 25544  51.6418 234.6730 0003086 217.6712 145.0166 15.54125547 89329
0 ISS (ZARYA)
1 25544U 98067A   17345.58384777  .00001876  00000-0  35572-4 0  9997
2 25544  51.6418 233.9703 0003086 218.1953 213.3099 15.54126212 89340
0 ISS (ZARYA)
1 25544U 98067A   17345.89830020  .00001677  00000-0  32570-4 0  9992
2 25544  51.6419 232.4021 0003100 219.0589 172.9253 15.54126627 89397
0 ISS (ZARYA)
1 25544U 98067A   17345.98927083  .00001653  00000-0  32208-4 0  9990
2 25544  51.6419 231.9487 0003088 219.3270 321.9615 15.54126864 89405
0 ISS (ZARYA)
1 25544U 98067A   17346.17398498  .00001630  00000-0  31864-4 0  9996
2 25544  51.6420 231.0279 0003039 220.1519 275.2711 15.54127642 89435
0 ISS (ZARYA)
1 25544U 98067A   17346.29773240  .00001428  00000-0  28807-4 0  9999
2 25544  51.6423 230.4113 0003067 220.7926 247.4369 15.54127390 89459
0 ISS (ZARYA)
1 25544U 98067A   17346.29773240  .00001428  00000-0  28807-4 0  9999
2 25544  51.6423 230.4113 0003067 220.7926 247.4369 15.54127390 89459
0 ISS (ZARYA)
1 25544U 98067A   17346.61538922  .00001476  00000-0  29526-4 0  9993
2 25544  51.6423 228.8276 0003008 224.0570 222.5963 15.54128846 89504
0 ISS (ZARYA)
1 25544U 98067A   17346.87416081  .00001502  00000-0  29920-4 0  9990
2 25544  51.6426 227.5369 0003086 222.5551 232.8540 15.54130129 89540
0 ISS (ZARYA)
1 25544U 98067A   17346.95660880  .00001555  00000-0  30721-4 0  9996
2 25544  51.6425 227.1263 0003010 225.1201 331.8799 15.54130715 89554
0 ISS (ZARYA)
1 25544U 98067A   17347.20467464  .00001800  00000-0  34412-4 0  9992
2 25544  51.6427 225.8903 0002948 224.7595 281.0620 15.54133012 89598
0 ISS (ZARYA)
1 25544U 98067A   17347.20467464  .00001800  00000-0  34412-4 0  9992
2 25544  51.6427 225.8903 0002948 224.7595 281.0620 15.54133012 89598
0 ISS (ZARYA)
1 25544U 98067A   17347.51166834  .00001824  00000-0  34777-4 0  9993
2 25544  51.6428 224.3589 0003011 223.9478 200.6075 15.54134498 89642
0 ISS (ZARYA)
1 25544U 98067A   17347.51166834  .00001824  00000-0  34777-4 0  9993
2 25544  51.6428 224.3589 0003011 223.9478 200.6076 15.54134498 89643
0 ISS (ZARYA)
1 25544U 98067A   17347.51166834  .00001824  00000-0  34777-4 0  9993
2 25544  51.6428 224.3589 0003011 223.9478 200.6076 15.54134498 89643
0 ISS (ZARYA)
1 25544U 98067A   17347.64539485  .00001871  00000-0  35486-4 0  9993
2 25544  51.6426 223.6926 0002945 226.7456 226.4899 15.54135373 89664
0 ISS (ZARYA)
1 25544U 98067A   17347.82912122  .00001826  00000-0  34802-4 0  9997
2 25544  51.6426 222.7770 0002931 226.9596 174.8845 15.54135960 89695
0 ISS (ZARYA)
1 25544U 98067A   17347.96949476  .00001832  00000-0  34894-4 0  9992
2 25544  51.6425 222.0769 0002904 228.5841 239.1546 15.54136579 89719
0 ISS (ZARYA)
1 25544U 98067A   17348.22568377  .00001930  00000-0  36372-4 0  9991
2 25544  51.6433 220.8012 0002958 228.0883 233.9521 15.54138244 89755
0 ISS (ZARYA)
1 25544U 98067A   17348.22568377  .00001930  00000-0  36372-4 0  9991
2 25544  51.6433 220.8012 0002958 228.0883 233.9521 15.54138244 89755
0 ISS (ZARYA)
1 25544U 98067A   17348.47557391  .00001944  00000-0  36592-4 0  9991
2 25544  51.6434 219.5551 0002953 229.2759 191.8024 15.54139563 89798
0 ISS (ZARYA)
1 25544U 98067A   17348.54197119  .00002074  00000-0  38537-4 0  9993
2 25544  51.6432 219.2244 0002903 233.0156 199.7975 15.54140712 89803
0 ISS (ZARYA)
1 25544U 98067A   17348.54197119  .00002074  00000-0  38537-4 0  9993
2 25544  51.6432 219.2244 0002903 233.0156 199.7975 15.54140712 89803
0 ISS (ZARYA)
1 25544U 98067A   17348.60905696  .00002305  00000-0  42034-4 0  9991
2 25544  51.6435 218.8894 0002938 232.4170 215.9902 15.54142446 89817
0 ISS (ZARYA)
1 25544U 98067A   17348.88324074  .00002712  00000-0  48166-4 0  9990
2 25544  51.6435 217.5227 0002971 235.9514 307.5186 15.54146455 89850
0 ISS (ZARYA)
1 25544U 98067A   17348.94784722  .00010868  00000-0  17092-3 0  9991
2 25544  51.6412 217.2063 0003097 238.8451 306.3658 15.54168039 89866
0 ISS (ZARYA)
1 25544U 98067A   17349.25442225  .00009592  00000-0  15172-3 0  9994
2 25544  51.6424 215.6741 0002530 240.7595 220.8747 15.54171546 89918
0 ISS (ZARYA)
1 25544U 98067A   17349.25442225  .00009592  00000-0  15172-3 0  9994
2 25544  51.6424 215.6741 0002530 240.7595 220.8747 15.54171546 89918
0 ISS (ZARYA)
1 25544U 98067A   17349.50586183  .00009845  00000-0  15549-3 0  9993
2 25544  51.6424 214.4201 0002542 241.4647 187.9165 15.54177530 89955
0 ISS (ZARYA)
1 25544U 98067A   17349.50586183  .00009845  00000-0  15549-3 0  9993
2 25544  51.6424 214.4201 0002542 241.4647 187.9165 15.54177530 89955
0 ISS (ZARYA)
1 25544U 98067A   17349.62715618  .00009833  00000-0  15530-3 0  9990
2 25544  51.6423 213.8153 0002532 241.8914 146.5869 15.54179988 89976
0 ISS (ZARYA)
1 25544U 98067A   17349.83015235  .00003129  00000-0  54393-4 0  9994
2 25544  51.6425 212.8032 0002775 247.8197 197.1692 15.54172130 90005
0 ISS (ZARYA)
1 25544U 98067A   17349.98114583  .00001948  00000-0  36608-4 0  9992
2 25544  51.6428 212.0495 0002823 248.7017 321.6562 15.54170987 90028
0 ISS (ZARYA)
1 25544U 98067A   17350.16230016  .00002131  00000-0  39363-4 0  9990
2 25544  51.6429 211.1470 0002799 247.3021 257.2906 15.54172272 90052
0 ISS (ZARYA)
1 25544U 98067A   17350.22784515  .00001889  00000-0  35714-4 0  9990
2 25544  51.6434 210.8231 0002834 248.0984 263.4604 15.54172202 90063
0 ISS (ZARYA)
1 25544U 98067A   17350.59064505  .00001970  00000-0  36940-4 0  9993
2 25544  51.6434 209.0107 0003527 240.1920 142.5991 15.54174412 90126
0 ISS (ZARYA)
1 25544U 98067A   17350.59064505  .00001970  00000-0  36940-4 0  9993
2 25544  51.6434 209.0107 0003527 240.1920 142.5991 15.54174412 90126
0 ISS (ZARYA)
1 25544U 98067A   17350.60302212  .00001983  00000-0  37127-4 0  9997
2 25544  51.6422 208.9497 0003509 240.3577 211.7290 15.54174425 90128
0 ISS (ZARYA)
1 25544U 98067A   17350.87829861  .00000855  00000-0  20123-4 0  9995
2 25544  51.6412 207.5811 0002694 249.5474 303.7204 15.54172052 90168
0 ISS (ZARYA)
1 25544U 98067A   17350.92744299  .00000899  00000-0  20780-4 0  9999
2 25544  51.6413 207.3360 0002688 249.7935 218.6206 15.54172310 90177
0 ISS (ZARYA)
1 25544U 98067A   17351.11563953  .00000863  00000-0  20243-4 0  9992
2 25544  51.6414 206.3970 0002615 248.8143 193.2619 15.54172700 90208
0 ISS (ZARYA)
1 25544U 98067A   17351.12803485  .00001052  00000-0  23088-4 0  9991
2 25544  51.6412 206.3353 0002667 249.0050 262.4708 15.54173304 90207
0 ISS (ZARYA)
1 25544U 98067A   17351.55994383  .00001222  00000-0  25654-4 0  9996
2 25544  51.6412 204.1812 0002675 251.2058 158.4165 15.54175276 90273
0 ISS (ZARYA)
1 25544U 98067A   17351.55994383  .00001222  00000-0  25654-4 0  9996
2 25544  51.6412 204.1812 0002675 251.2058 158.4165 15.54175276 90273
0 ISS (ZARYA)
1 25544U 98067A   17351.62434690  .00001396  00000-0  28274-4 0  9997
2 25544  51.6407 203.8608 0002668 251.6813 158.5185 15.54176109 90281
0 ISS (ZARYA)
1 25544U 98067A   17351.88704390  .00001256  00000-0  26159-4 0  9997
2 25544  51.6408 202.5505 0002666 252.5058 188.4660 15.54176482 90322
0 ISS (ZARYA)
1 25544U 98067A   17351.96338704  .00001362  00000-0  27757-4 0  9991
2 25544  51.6411 202.1699 0002643 252.7467 255.6523 15.54177231 90336
0 ISS (ZARYA)
1 25544U 98067A   17352.09013902  .00027706  00000-0  42323-3 0  9991
2 25544  51.6411 201.5461 0002686 247.3035 250.7559 15.54196952 90352
0 ISS (ZARYA)
1 25544U 98067A   17352.31909722  .00019706  00000-0  30337-3 0  9993
2 25544  51.6413 200.4035 0002574 250.8434  89.1076 15.54200619 90384
0 ISS (ZARYA)
1 25544U 98067A   17352.46394647  .00017473  00000-0  26986-3 0  9997
2 25544  51.6414 199.6812 0002576 250.7954 180.1402 15.54203254 90412
0 ISS (ZARYA)
1 25544U 98067A   17352.46394647  .00017473  00000-0  26986-3 0  9997
2 25544  51.6414 199.6812 0002576 250.7954 180.1402 15.54203254 90412
0 ISS (ZARYA)
1 25544U 98067A   17352.60048424  .00011740  00000-0  18384-3 0  9996
2 25544  51.6415 199.0001 0002635 251.9700 223.4089 15.54199345 90434
0 ISS (ZARYA)
1 25544U 98067A   17352.85855002  .00004767  00000-0  79027-4 0  9994
2 25544  51.6411 197.7115 0002742 254.9550 225.2738 15.54192711 90471
0 ISS (ZARYA)
1 25544U 98067A   17352.92693569 +.00005037 +00000-0 +83088-4 0  9993
2 25544 051.6406 197.3677 0002607 253.0984 250.0104 15.54193551090482
0 ISS (ZARYA)
1 25544U 98067A   17353.18547816  .00004139  00000-0  69566-4 0  9992
2 25544  51.6415 196.0791 0002732 258.1637 252.4721 15.54194780 90526
0 ISS (ZARYA)
1 25544U 98067A   17353.31551679  .00002525  00000-0  45267-4 0  9998
2 25544  51.6412 195.4269 0002538 257.2441 261.4434 15.54189842 90549
0 ISS (ZARYA)
1 25544U 98067A   17353.42873115  .00002543  00000-0  45545-4 0  9991
2 25544  51.6413 194.8622 0002541 257.6750 174.8770 15.54190638 90564
0 ISS (ZARYA)
1 25544U 98067A   17353.42873115  .00002543  00000-0  45545-4 0  9991
2 25544  51.6413 194.8622 0002541 257.6750 174.8770 15.54190638 90564
0 ISS (ZARYA)
1 25544U 98067A   17353.62279634  .00002952  00000-0  51697-4 0  9998
2 25544  51.6404 193.8949 0002576 258.5864 180.5092 15.54194199 90599
0 ISS (ZARYA)
1 25544U 98067A   17353.90171296  .00003152  00000-0  54698-4 0  9991
2 25544  51.6404 192.5042 0002586 259.1450 301.5540 15.54196852 90634
0 ISS (ZARYA)
1 25544U 98067A   17353.90171296  .00003192  00000-0  55304-4 0  9990
2 25544  51.6403 192.5037 0002617 258.1037 302.5963 15.54197061 90635
0 ISS (ZARYA)
1 25544U 98067A   17354.02299459  .00003192  00000-0  55304-4 0  9996
2 25544  51.6403 191.8988 0002617 258.5498 261.1846 15.54197953 90659
0 ISS (ZARYA)
1 25544U 98067A   17354.24775463  .00003665  00000-0  62417-4 0  9992
2 25544  51.6402 190.7791 0002625 264.7593  73.3696 15.54201554 90684
0 ISS (ZARYA)
1 25544U 98067A   17354.45840866  .00003627  00000-0  61839-4 0  9990
2 25544  51.6401 189.7284 0002618 265.3462 172.1998 15.54203054 90727
0 ISS (ZARYA)
1 25544U 98067A   17354.45840866  .00003627  00000-0  61839-4 0  9990
2 25544  51.6401 189.7284 0002618 265.3462 172.1998 15.54203054 90727
0 ISS (ZARYA)
1 25544U 98067A   17354.59236167  .00003627  00000-0  61839-4 0  9998
2 25544  51.6401 189.0603 0002619 265.8440 201.6841 15.54204156 90748
0 ISS (ZARYA)
1 25544U 98067A   17354.92151799  .00002948  00000-0  51619-4 0  9992
2 25544  51.6385 187.4169 0003223 244.3357 266.0857 15.54202724 90795
0 ISS (ZARYA)
1 25544U 98067A   17355.04223734  .00002948  00000-0  51619-4 0  9995
2 25544  51.6385 186.8148 0003223 244.7813 221.5289 15.54203553 90815
0 ISS (ZARYA)
1 25544U 98067A   17355.10324169  .00002948  00000-0  51619-4 0  9996
2 25544  51.6385 186.5105 0003223 245.0073 202.8568 15.54203972 90825
0 ISS (ZARYA)
1 25544U 98067A   17355.27738426  .00002760  00000-0  48789-4 0  9995
2 25544  51.6403 185.6460 0002546 270.9261  71.9125 15.54204066 90844
0 ISS (ZARYA)
1 25544U 98067A   17355.42195980  .00002682  00000-0  47602-4 0  9990
2 25544  51.6401 184.9247 0002539 272.2767 160.0164 15.54204536 90873
0 ISS (ZARYA)
1 25544U 98067A   17355.42195980  .00002682  00000-0  47602-4 0  9990
2 25544  51.6401 184.9247 0002539 272.2767 160.0164 15.54204536 90873
0 ISS (ZARYA)
1 25544U 98067A   17355.62108791  .00002682  00000-0  47602-4 0  9996
2 25544  51.6401 183.9315 0002539 273.0153 194.1662 15.54205797 90901
0 ISS (ZARYA)
1 25544U 98067A   17355.88487944  .00001548  00000-0  30554-4 0  9992
2 25544  51.6385 182.6179 0003557 241.1586 262.9452 15.54201019 90941
0 ISS (ZARYA)
1 25544U 98067A   17355.95008072  .00001539  00000-0  30399-4 0  9998
2 25544  51.6400 182.2926 0002673 265.0076 244.1320 15.54201473 90953
0 ISS (ZARYA)
1 25544U 98067A   17356.01322284  .00001201  00000-0  25321-4 0  9995
2 25544  51.6401 181.9786 0002733 271.0226 231.6340 15.54200472 90967
0 ISS (ZARYA)
1 25544U 98067A   17356.30917824  .00000846  00000-0  19977-4 0  9991
2 25544  51.6386 180.5024 0003537 246.7749 112.8979 15.54199608 91003
0 ISS (ZARYA)
1 25544U 98067A   17356.51955860  .00000877  00000-0  20451-4 0  9999
2 25544  51.6386 179.4534 0003481 247.8676 209.6911 15.54200510 91045
0 ISS (ZARYA)
1 25544U 98067A   17356.51955860  .00000877  00000-0  20451-4 0  9999
2 25544  51.6386 179.4534 0003481 247.8676 209.6911 15.54200510 91045
0 ISS (ZARYA)
1 25544U 98067A   17356.64660133  .00000655  00000-0  17099-4 0  9997
2 25544  51.6382 178.8203 0003371 249.1289 199.7168 15.54199835 91062
0 ISS (ZARYA)
1 25544U 98067A   17356.90623698  .00000959  00000-0  21664-4 0  9991
2 25544  51.6398 177.5251 0002660 274.0529 188.4422 15.54202348 91109
0 ISS (ZARYA)
1 25544U 98067A   17356.97848463  .00000959  00000-0  21664-4 0  9997
2 25544  51.6398 177.1647 0002660 274.3219 232.6762 15.54202557 91115
0 ISS (ZARYA)
1 25544U 98067A   17357.20559028  .00000959  00000-0  21664-4 0  9990
2 25544  51.6398 176.0320 0002660 275.1673  63.3596 15.54203211 91149
0 ISS (ZARYA)
1 25544U 98067A   17357.27062500  .00001041  00000-0  22902-4 0  9990
2 25544  51.6398 175.7088 0002581 277.9283  64.7192 15.54204005 91155
0 ISS (ZARYA)
1 25544U 98067A   17357.47419451  .00001074  00000-0  23394-4 0  9995
2 25544  51.6398 174.6935 0002586 278.4499 123.9533 15.54204848 91190
0 ISS (ZARYA)
1 25544U 98067A   17357.47419451  .00001074  00000-0  23394-4 0  9995
2 25544  51.6398 174.6935 0002586 278.4499 123.9533 15.54204848 91190
0 ISS (ZARYA)
1 25544U 98067A   17357.61580788  .00000960  00000-0  21679-4 0  9990
2 25544  51.6398 173.9875 0002562 279.4335 195.8394 15.54204702 91214
0 ISS (ZARYA)
1 25544U 98067A   17357.87895133  .00000892  00000-0  20669-4 0  9993
2 25544  51.6391 172.6750 0002982 257.9216 250.6576 15.54204470 91258
0 ISS (ZARYA)
1 25544U 98067A   17357.94620906  .00000892  00000-0  20669-4 0  9995
2 25544  51.6391 172.3395 0002982 258.1720 266.9731 15.54204655 91262
0 ISS (ZARYA)
1 25544U 98067A   17358.23416667  .00000892  00000-0  20669-4 0  9995
2 25544  51.6391 170.9032 0002981 259.2417  78.1349 15.54205447 91301
0 ISS (ZARYA)
1 25544U 98067A   17358.31343903  .00000892  00000-0  20669-4 0  9996
2 25544  51.6391 170.5078 0002981 259.5335 161.6772 15.54205665 91321
0 ISS (ZARYA)
1 25544U 98067A   17358.57897309  .00000958  00000-0  21662-4 0  9995
2 25544  51.6397 169.1850 0002917 261.3674 206.5297 15.54206815 91368
0 ISS (ZARYA)
1 25544U 98067A   17358.57897309  .00000958  00000-0  21662-4 0  9995
2 25544  51.6397 169.1850 0002917 261.3674 206.5297 15.54206815 91368
0 ISS (ZARYA)
1 25544U 98067A   17358.64002881  .00000958  00000-0  21662-4 0  9996
2 25544  51.6397 168.8805 0002917 261.5938 188.1455 15.54206991 91376
0 ISS (ZARYA)
1 25544U 98067A   17358.90834140  .00000958  00000-0  21662-4 0  9996
2 25544  51.6397 167.5422 0002917 262.5913 249.3922 15.54207764 91414
0 ISS (ZARYA)
1 25544U 98067A   17358.96432507  .00000735  00000-0  18294-4 0  9993
2 25544  51.6411 167.2653 0002601 283.8377 181.5771 15.54207173 91428
0 ISS (ZARYA)
1 25544U 98067A   17359.20049769  .00000748  00000-0  18487-4 0  9993
2 25544  51.6411 166.0875 0002610 285.7603  61.9512 15.54207821 91451
0 ISS (ZARYA)
1 25544U 98067A   17359.27816587  .00000787  00000-0  19071-4 0  9993
2 25544  51.6412 165.7006 0002610 283.6767 138.8901 15.54208279 91478
0 ISS (ZARYA)
1 25544U 98067A   17359.41087036  .00000880  00000-0  20473-4 0  9990
2 25544  51.6413 165.0386 0002629 285.3303 160.2331 15.54209225 91498
0 ISS (ZARYA)
1 25544U 98067A   17359.41087036  .00000880  00000-0  20473-4 0  9990
2 25544  51.6413 165.0386 0002629 285.3303 160.2331 15.54209225 91498
0 ISS (ZARYA)
1 25544U 98067A   17359.60980341  .00000750  00000-0  18520-4 0  9998
2 25544  51.6414 164.0463 0002617 287.9326 191.4272 15.54209149 91523
0 ISS (ZARYA)
1 25544U 98067A   17359.87457186  .00000984  00000-0  22045-4 0  9999
2 25544  51.6414 162.7278 0002585 285.2452 236.5236 15.54211103 91565
0 ISS (ZARYA)
1 25544U 98067A   17359.93596721  .00001106  00000-0  23869-4 0  9997
2 25544  51.6416 162.4211 0002568 290.4534 215.0611 15.54211963 91575
0 ISS (ZARYA)
1 25544U 98067A   17360.16378472  .00001118  00000-0  24062-4 0  9994
2 25544  51.6416 161.2849 0002574 291.7214  49.3149 15.54212730 91606
0 ISS (ZARYA)
1 25544U 98067A   17360.22841435  .00001117  00000-0  24041-4 0  9991
2 25544  51.6416 160.9626 0002575 292.0917  50.7978 15.54212929 91617
0 ISS (ZARYA)
1 25544U 98067A   17360.43488321  .00001151  00000-0  24547-4 0  9994
2 25544  51.6416 159.9327 0002595 292.2213 126.6641 15.54213840 91653
0 ISS (ZARYA)
1 25544U 98067A   17360.63489756  .00001290  00000-0  26644-4 0  9993
2 25544  51.6415 158.9361 0002587 294.1321 164.6117 15.54215205 91681
0 ISS (ZARYA)
1 25544U 98067A   17360.63489756  .00001290  00000-0  26644-4 0  9993
2 25544  51.6415 158.9361 0002587 294.1321 164.6117 15.54215205 91681
0 ISS (ZARYA)
1 25544U 98067A   17360.96446250  .00001686  00000-0  32595-4 0  9992
2 25544  51.6414 157.2930 0002516 295.6635 208.2832 15.54218294 91736
0 ISS (ZARYA)
1 25544U 98067A   17361.19223380  .00001721  00000-0  33123-4 0  9993
2 25544  51.6414 156.1571 0002506 296.5320  42.6837 15.54219453 91761
0 ISS (ZARYA)
1 25544U 98067A   17361.27137641  .00001730  00000-0  33258-4 0  9995
2 25544  51.6414 155.7623 0002505 296.5850 125.7427 15.54219850 91782
0 ISS (ZARYA)
1 25544U 98067A   17361.53692593  .00001778  00000-0  33974-4 0  9993
2 25544  51.6414 154.4377 0002507 297.8505 171.2653 15.54221350 91827
0 ISS (ZARYA)
1 25544U 98067A   17361.53692593  .00001778  00000-0  33974-4 0  9993
2 25544  51.6414 154.4377 0002507 297.8505 171.2653 15.54221350 91827
0 ISS (ZARYA)
1 25544U 98067A   17361.59805881  .00001877  00000-0  35471-4 0  9999
2 25544  51.6416 154.1325 0002530 299.1009 152.2933 15.54222083 91834
0 ISS (ZARYA)
1 25544U 98067A   17361.86643810  .00002009  00000-0  37454-4 0  9992
2 25544  51.6405 152.7948 0002642 303.5256 210.5009 15.54223833 91875
0 ISS (ZARYA)
1 25544U 98067A   17361.92797104  .00002022  00000-0  37653-4 0  9991
2 25544  51.6412 152.4878 0002629 301.5098 197.0344 15.54224166 91881
0 ISS (ZARYA)
1 25544U 98067A   17362.16166667  .00001966  00000-0  36801-4 0  9992
2 25544  51.6415 151.3240 0002684 303.3039  63.6810 15.54225095 91924
0 ISS (ZARYA)
1 25544U 98067A   17362.30160731  .00001961  00000-0  36733-4 0  9993
2 25544  51.6415 150.6262 0002703 303.9841 126.5176 15.54225789 91945
0 ISS (ZARYA)
1 25544U 98067A   17362.56264257  .00001879  00000-0  35502-4 0  9990
2 25544  51.6413 149.3247 0002690 304.7456 147.2722 15.54226700 91982
0 ISS (ZARYA)
1 25544U 98067A   17362.56264257  .00001879  00000-0  35502-4 0  9990
2 25544  51.6413 149.3247 0002690 304.7456 147.2722 15.54226700 91982
0 ISS (ZARYA)
1 25544U 98067A   17362.62978287  .00001858  00000-0  35175-4 0  9995
2 25544  51.6414 148.9899 0002674 305.4024 162.5283 15.54226902 91999
0 ISS (ZARYA)
1 25544U 98067A   17362.89205058  .00001826  00000-0  34694-4 0  9993
2 25544  51.6415 147.6831 0002715 306.5282 189.8181 15.54227835 92037
0 ISS (ZARYA)
1 25544U 98067A   17363.18826389  .00001806  00000-0  34402-4 0  9997
2 25544  51.6415 146.2057 0002756 308.6884  46.1359 15.54229107 92078
0 ISS (ZARYA)
1 25544U 98067A   17363.26648642  .00001820  00000-0  34603-4 0  9999
2 25544  51.6416 145.8154 0002759 308.6983 124.0893 15.54229533 92099
0 ISS (ZARYA)
1 25544U 98067A   17363.38987631  .00001795  00000-0  34231-4 0  9994
2 25544  51.6414 145.2004 0002754 308.7672  94.8729 15.54230012 92115
0 ISS (ZARYA)
1 25544U 98067A   17363.46525073 -.00067082  00000-0 -10119-2 0  9991
2 25544  51.6363 144.8324 0003512 316.9546 148.6846 15.54198713 92122
0 ISS (ZARYA)
1 25544U 98067A   17363.53166530 -.00075565  00000-0 -11425-2 0  9994
2 25544  51.6374 144.5015 0003400 316.4433 161.0395 15.54186499 92131
0 ISS (ZARYA)
1 25544U 98067A   17363.58886554 -.00026153  00000-0 -38795-3 0  9993
2 25544  51.6407 144.2151 0003238 317.4131 120.3341 15.54207055 92143
0 ISS (ZARYA)
1 25544U 98067A   17363.58886554 -.00026153  00000-0 -38795-3 0  9993
2 25544  51.6407 144.2151 0003238 317.4131 120.3341 15.54207055 92143
0 ISS (ZARYA)
1 25544U 98067A   17363.65128534  .00001646  00000-0  31979-4 0  9994
2 25544  51.6414 143.8968 0002698 309.8982 117.3524 15.54230402 92152
0 ISS (ZARYA)
1 25544U 98067A   17363.92235016  .00001753  00000-0  33590-4 0  9998
2 25544  51.6413 142.5451 0002710 312.0410 192.8878 15.54232145 92191
0 ISS (ZARYA)
1 25544U 98067A   17364.11665619  .00001734  00000-0  33313-4 0  9998
2 25544  51.6413 141.5760 0002722 313.0266 199.8113 15.54232931 92222
0 ISS (ZARYA)
1 25544U 98067A   17364.22928424  .00001737  00000-0  33355-4 0  9995
2 25544  51.6413 141.0143 0002728 313.6335 109.8032 15.54233443 92243
0 ISS (ZARYA)
1 25544U 98067A   17364.48929755  .00001520  00000-0  30081-4 0  9994
2 25544  51.6407 139.7187 0002672 315.9034 123.3296 15.54233306 92282
0 ISS (ZARYA)
1 25544U 98067A   17364.48929755  .00001520  00000-0  30081-4 0  9994
2 25544  51.6407 139.7187 0002672 315.9034 123.3296 15.54233306 92282
0 ISS (ZARYA)
1 25544U 98067A   17364.62447817  .00001475  00000-0  29408-4 0  9994
2 25544  51.6406 139.0446 0002664 315.8183 160.2829 15.54233502 92300
0 ISS (ZARYA)
1 25544U 98067A   17364.75917509  .00001435  00000-0  28812-4 0  9992
2 25544  51.6402 138.3737 0002689 316.4254 193.8355 15.54233722 92326
0 ISS (ZARYA)
1 25544U 98067A   17364.88654150  .00001404  00000-0  28345-4 0  9993
2 25544  51.6402 137.7387 0002723 317.4236 185.9550 15.54234074 92342
