0 NAVSTAR 76 (USA 266)
1 41328U 16007A   17274.43250788 -.00000014 +00000-0 +00000-0 0  9996
2 41328 054.8718 215.8100 0015576 219.4350 140.4385 02.00552606012091
0 NAVSTAR 76 (USA 266)
1 41328U 16007A   17274.93111297 -.00000014  00000-0  00000+0 0  9991
2 41328  54.8717 215.7901 0015583 219.4183 140.4544  2.00552564 12102
0 NAVSTAR 76 (USA 266)
1 41328U 16007A   17275.42971892 -.00000013 +00000-0 +00000-0 0  9991
2 41328 054.8716 215.7703 0015573 219.3555 140.5168 02.00552500012116
0 NAVSTAR 76 (USA 266)
1 41328U 16007A   17275.92832090 -.00000012  00000-0  00000+0 0  9990
2 41328  54.8715 215.7504 0015567 219.3149 140.5573  2.00552606 12124
0 NAVSTAR 76 (USA 266)
1 41328U 16007A   17276.42693006 -.00000010 +00000-0 +00000-0 0  9997
2 41328 054.8714 215.7306 0015555 219.2516 140.6209 02.00552471012135
0 NAVSTAR 76 (USA 266)
1 41328U 16007A   17276.92553642 -.00000007  00000-0  00000+0 0  9998
2 41328  54.8713 215.7107 0015557 219.2157 140.6574  2.00552450 12149
0 NAVSTAR 76 (USA 266)
1 41328U 16007A   17277.42414392 -.00000004 +00000-0 +00000-0 0  9990
2 41328 054.8711 215.6908 0015559 219.1825 140.6916 02.00552418012153
0 NAVSTAR 76 (USA 266)
1 41328U 16007A   17277.92275200 -.00000001  00000-0  00000+0 0  9994
2 41328  54.8710 215.6709 0015559 219.1503 140.7253  2.00552396 12165
0 NAVSTAR 76 (USA 266)
1 41328U 16007A   17277.92275200 -.00000001  00000-0  00000+0 0  9994
2 41328  54.8710 215.6709 0015559 219.1503 140.7253  2.00552396 12165
0 NAVSTAR 76 (USA 266)
1 41328U 16007A   17277.92275200 -.00000001  00000-0  00000+0 0  9994
2 41328  54.8710 215.6709 0015559 219.1503 140.7253  2.00552396 12165
0 NAVSTAR 76 (USA 266)
1 41328U 16007A   17277.92275200 -.00000001  00000-0  00000+0 0  9994
2 41328  54.8710 215.6709 0015559 219.1503 140.7253  2.00552396 12165
0 NAVSTAR 76 (USA 266)
1 41328U 16007A   17279.41837571 +.00000010 +00000-0 +00000-0 0  9995
2 41328 054.8707 215.6115 0016114 220.5669 139.3080 02.00572637012194
0 NAVSTAR 76 (USA 266)
1 41328U 16007A   17279.91693969  .00000014  00000-0  00000+0 0  9994
2 41328  54.8706 215.5915 0016097 220.2413 139.6372  2.00572567 12205
0 NAVSTAR 76 (USA 266)
1 41328U 16007A   17279.91693842  .00000014  00000-0  00000+0 0  9994
2 41328  54.8706 215.5915 0016116 220.2843 139.5941  2.00572617 12201
0 NAVSTAR 76 (USA 266)
1 41328U 16007A   17280.41549748 +.00000016 +00000-0 +00000-0 0  9999
2 41328 054.8705 215.5716 0016109 220.2399 139.6414 02.00572603012219
0 NAVSTAR 76 (USA 266)
1 41328U 16007A   17280.91405611  .00000018  00000-0  00000+0 0  9995
2 41328  54.8703 215.5518 0016105 220.1963 139.6880  2.00572608 12222
0 NAVSTAR 76 (USA 266)
1 41328U 16007A   17281.41261533 +.00000019 +00000-0 +00000-0 0  9996
2 41328 054.8702 215.5319 0016101 220.1541 139.7329 02.00572592012230
0 NAVSTAR 76 (USA 266)
1 41328U 16007A   17281.91117518  .00000019  00000-0  00000+0 0  9993
2 41328  54.8701 215.5120 0016134 220.1967 139.6923  2.00572509 12245
0 NAVSTAR 76 (USA 266)
1 41328U 16007A   17282.40973289 +.00000017 +00000-0 +00000-0 0  9992
2 41328 054.8699 215.4921 0016141 220.1326 139.7583 02.00572523012256
0 NAVSTAR 76 (USA 266)
1 41328U 16007A   17282.40973402 +.00000017 +00000-0 +00000-0 0  9999
2 41328 054.8699 215.4921 0016147 220.1852 139.7055 02.00572484012256
0 NAVSTAR 76 (USA 266)
1 41328U 16007A   17282.90829013  .00000014  00000-0  00000+0 0  9998
2 41328  54.8698 215.4722 0016134 220.0773 139.8150  2.00572526 12266
0 NAVSTAR 76 (USA 266)
1 41328U 16007A   17283.40684786 +.00000010 +00000-0 +00000-0 0  9997
2 41328 054.8696 215.4524 0016126 220.0109 139.8823 02.00572483012278
0 NAVSTAR 76 (USA 266)
1 41328U 16007A   17283.90540387  .00000004  00000-0  00000+0 0  9992
2 41328  54.8695 215.4325 0016118 219.9681 139.9253  2.00572474 12288
0 NAVSTAR 76 (USA 266)
1 41328U 16007A   17284.40395984 -.00000002 +00000-0 +00000-0 0  9999
2 41328 054.8694 215.4126 0016112 219.9111 139.9820 02.00572436012297
0 NAVSTAR 76 (USA 266)
1 41328U 16007A   17284.90251469 -.00000009  00000-0  00000+0 0  9999
2 41328  54.8693 215.3927 0016112 219.8851 140.0070  2.00572414 12302
0 NAVSTAR 76 (USA 266)
1 41328U 16007A   17285.40106786 -.00000017 +00000-0 +00000-0 0  9996
2 41328 054.8692 215.3728 0016106 219.8436 140.0472 02.00572436012313
0 NAVSTAR 76 (USA 266)
1 41328U 16007A   17285.89962172 -.00000024  00000-0  00000+0 0  9995
2 41328  54.8690 215.3529 0016102 219.7990 140.0901  2.00572419 12329
0 NAVSTAR 76 (USA 266)
1 41328U 16007A   17286.39817490 -.00000032 +00000-0 +00000-0 0  9993
2 41328 054.8689 215.3330 0016103 219.7747 140.1127 02.00572421012333
0 NAVSTAR 76 (USA 266)
1 41328U 16007A   17286.89672887 -.00000038  00000-0  00000+0 0  9992
2 41328  54.8688 215.3131 0016105 219.7548 140.1308  2.00572399 12348
0 NAVSTAR 76 (USA 266)
1 41328U 16007A   17287.89383843 -.00000048  00000-0  00000+0 0  9995
2 41328  54.8686 215.2734 0016089 219.6535 140.2295  2.00572353 12368
0 NAVSTAR 76 (USA 266)
1 41328U 16007A   17288.39239339 -.00000051 +00000-0 +00000-0 0  9996
2 41328 054.8685 215.2535 0016085 219.6081 140.2742 02.00572354012377
0 NAVSTAR 76 (USA 266)
1 41328U 16007A   17289.38950620 -.00000051  00000-0  00000+0 0  9998
2 41328  54.8683 215.2137 0016080 219.5379 140.3445  2.00572347 12392
0 NAVSTAR 76 (USA 266)
1 41328U 16007A   17289.38950620 -.00000051  00000-0  00000+0 0  9998
2 41328  54.8683 215.2137 0016080 219.5379 140.3445  2.00572347 12392
0 NAVSTAR 76 (USA 266)
1 41328U 16007A   17290.38662303 -.00000046 +00000-0 +00000-0 0  9993
2 41328 054.8680 215.1740 0016062 219.4045 140.4807 02.00572321012415
0 NAVSTAR 76 (USA 266)
1 41328U 16007A   17290.88518215 -.00000042  00000-0  00000+0 0  9995
2 41328  54.8679 215.1541 0016059 219.3562 140.5311  2.00572323 12425
0 NAVSTAR 76 (USA 266)
1 41328U 16007A   17290.88518215 -.00000042 +00000-0 +00000-0 0  9996
2 41328 054.8679 215.1541 0016059 219.3562 140.5311 02.00572323012425
0 NAVSTAR 76 (USA 266)
1 41328U 16007A   17291.38374198 -.00000037 +00000-0 +00000-0 0  9996
2 41328 054.8678 215.1342 0016057 219.3138 140.5760 02.00572325012431
0 NAVSTAR 76 (USA 266)
1 41328U 16007A   17292.38086366 -.00000026  00000-0  00000+0 0  9991
2 41328  54.8676 215.0944 0016064 219.2767 140.6191  2.00572300 12455
0 NAVSTAR 76 (USA 266)
1 41328U 16007A   17292.38086389 -.00000026 +00000-0 +00000-0 0  9997
2 41328 054.8676 215.0945 0016063 219.2536 140.6423 02.00572293012458
0 NAVSTAR 76 (USA 266)
1 41328U 16007A   17292.87942457 -.00000020  00000-0  00000+0 0  9991
2 41328  54.8675 215.0746 0016062 219.2144 140.6849  2.00572305 12467
0 NAVSTAR 76 (USA 266)
1 41328U 16007A   17293.37798614 -.00000015 +00000-0 +00000-0 0  9996
2 41328 054.8674 215.0547 0016064 219.1814 140.7213 02.00572289012478
0 NAVSTAR 76 (USA 266)
1 41328U 16007A   17293.87654721 -.00000011  00000-0  00000+0 0  9996
2 41328  54.8673 215.0348 0016066 219.1467 140.7594  2.00572287 12483
0 NAVSTAR 76 (USA 266)
1 41328U 16007A   17294.37510866 -.00000007 +00000-0 +00000-0 0  9999
2 41328 054.8672 215.0150 0016067 219.1228 140.7865 02.00572270012493
0 NAVSTAR 76 (USA 266)
1 41328U 16007A   17294.37510933 -.00000007 +00000-0 +00000-0 0  9994
2 41328 054.8672 215.0150 0016059 219.0910 140.8185 02.00572249012493
0 NAVSTAR 76 (USA 266)
1 41328U 16007A   17294.87367022 -.00000005  00000-0  00000+0 0  9995
2 41328  54.8671 214.9951 0016058 219.0482 140.8644  2.00572241 12506
0 NAVSTAR 76 (USA 266)
1 41328U 16007A   17295.37223112 -.00000003 +00000-0 +00000-0 0  9991
2 41328 054.8670 214.9752 0016057 219.0071 140.9083 02.00572220012513
0 NAVSTAR 76 (USA 266)
1 41328U 16007A   17295.87079111 -.00000003  00000-0  00000+0 0  9993
2 41328  54.8669 214.9554 0016054 218.9610 140.9569  2.00572216 12520
0 NAVSTAR 76 (USA 266)
1 41328U 16007A   17296.36935072 -.00000003 +00000-0 +00000-0 0  9996
2 41328 054.8668 214.9355 0016052 218.9091 141.0109 02.00572207012532
0 NAVSTAR 76 (USA 266)
1 41328U 16007A   17296.86791005 -.00000004  00000-0  00000+0 0  9997
2 41328  54.8666 214.9156 0016051 218.8623 141.0595  2.00572191 12540
0 NAVSTAR 76 (USA 266)
1 41328U 16007A   17297.36646833 -.00000006 +00000-0 +00000-0 0  9994
2 41328 054.8665 214.8957 0016043 218.7918 141.1315 02.00572193012558
0 NAVSTAR 76 (USA 266)
1 41328U 16007A   17298.36358617 -.00000010  00000-0  00000+0 0  9999
2 41328  54.8663 214.8560 0016041 218.6966 141.2283  2.00572108 12579
0 NAVSTAR 76 (USA 266)
1 41328U 16007A   17298.36358498 -.00000010 +00000-0 +00000-0 0  9997
2 41328 054.8663 214.8560 0016039 218.6735 141.2515 02.00572143012577
0 NAVSTAR 76 (USA 266)
1 41328U 16007A   17298.86214191 -.00000012  00000-0  00000+0 0  9994
2 41328  54.8662 214.8361 0016040 218.6192 141.3061  2.00572137 12585
0 NAVSTAR 76 (USA 266)
1 41328U 16007A   17298.86214191 -.00000012  00000-0  00000+0 0  9994
2 41328  54.8662 214.8361 0016040 218.6192 141.3061  2.00572137 12585
0 NAVSTAR 76 (USA 266)
1 41328U 16007A   17299.36070067 -.00000014 +00000-0 +00000-0 0  9995
2 41328 054.8661 214.8163 0016043 218.5765 141.3487 02.00572056012595
0 NAVSTAR 76 (USA 266)
1 41328U 16007A   17300.85636960 -.00000018  00000-0  00000+0 0  9995
2 41328  54.8657 214.7566 0016042 218.4122 141.5121  2.00572025 12628
0 NAVSTAR 76 (USA 266)
1 41328U 16007A   17300.85636960 -.00000018 +00000-0 +00000-0 0  9996
2 41328 054.8657 214.7566 0016042 218.4122 141.5121 02.00572025012628
0 NAVSTAR 76 (USA 266)
1 41328U 16007A   17301.35492665 -.00000018 +00000-0 +00000-0 0  9994
2 41328 054.8656 214.7367 0016038 218.3460 141.5779 02.00571985012639
0 NAVSTAR 76 (USA 266)
1 41328U 16007A   17301.85348321 -.00000017  00000-0  00000+0 0  9996
2 41328  54.8655 214.7169 0016040 218.3069 141.6165  2.00571967 12647
0 NAVSTAR 76 (USA 266)
1 41328U 16007A   17302.35203996 -.00000016 +00000-0 +00000-0 0  9990
2 41328 054.8654 214.6970 0016047 218.2814 141.6417 02.00571949012650
0 NAVSTAR 76 (USA 266)
1 41328U 16007A   17303.34915535 -.00000011  00000-0  00000+0 0  9993
2 41328  54.8652 214.6572 0016051 218.2058 141.7175  2.00571904 12676
0 NAVSTAR 76 (USA 266)
1 41328U 16007A   17303.34915609 -.00000011 +00000-0 +00000-0 0  9996
2 41328 054.8652 214.6572 0016045 218.1885 141.7349 02.00571869012679
0 NAVSTAR 76 (USA 266)
1 41328U 16007A   17304.34627269 -.00000004  00000-0  00000+0 0  9990
2 41328  54.8651 214.6174 0016045 218.1034 141.8218  2.00571863 12694
0 NAVSTAR 76 (USA 266)
1 41328U 16007A   17304.34627269 -.00000004 +00000-0 +00000-0 0  9991
2 41328 054.8651 214.6174 0016045 218.1034 141.8218 02.00571863012694
0 NAVSTAR 76 (USA 266)
1 41328U 16007A   17304.34627335 -.00000004 +00000-0 +00000-0 0  9995
2 41328 054.8650 214.6174 0016039 218.0846 141.8408 02.00571831012692
0 NAVSTAR 76 (USA 266)
1 41328U 16007A   17304.84483283 -.00000000 +00000-0 +00000-0 0  9998
2 41328 054.8649 214.5975 0016037 218.0362 141.8907 02.00571818012700
0 NAVSTAR 76 (USA 266)
1 41328U 16007A   17305.34339402 +.00000004 +00000-0 +00000-0 0  9990
2 41328 054.8648 214.5776 0016033 217.9735 141.9555 02.00571766012719
0 NAVSTAR 76 (USA 266)
1 41328U 16007A   17306.34051618 +.00000013 +00000-0 +00000-0 0  9991
2 41328 054.8647 214.5379 0016032 217.8969 142.0372 02.00571748012735
0 NAVSTAR 76 (USA 266)
1 41328U 16007A   17306.34051627 +.00000013 +00000-0 +00000-0 0  9991
2 41328 054.8646 214.5379 0016029 217.8808 142.0534 02.00571736012739
0 NAVSTAR 76 (USA 266)
1 41328U 16007A   17307.33764063  .00000022  00000-0  00000+0 0  9995
2 41328  54.8644 214.4981 0016028 217.7903 142.1501  2.00571695 12750
0 NAVSTAR 76 (USA 266)
1 41328U 16007A   17307.33764023 +.00000022 +00000-0 +00000-0 0  9992
2 41328 054.8644 214.4981 0016023 217.7679 142.1726 02.00571700012751
0 NAVSTAR 76 (USA 266)
1 41328U 16007A   17308.33476524  .00000027  00000-0  00000+0 0  9993
2 41328  54.8642 214.4584 0016025 217.6895 142.2571  2.00571647 12770
0 NAVSTAR 76 (USA 266)
1 41328U 16007A   17308.33476524 +.00000027 +00000-0 +00000-0 0  9994
2 41328 054.8642 214.4584 0016025 217.6895 142.2571 02.00571647012770
0 NAVSTAR 76 (USA 266)
1 41328U 16007A   17308.33476540 +.00000027 +00000-0 +00000-0 0  9992
2 41328 054.8642 214.4584 0016021 217.6663 142.2804 02.00571632012772
0 NAVSTAR 76 (USA 266)
1 41328U 16007A   17308.83332757  .00000029  00000-0  00000+0 0  9999
2 41328  54.8641 214.4385 0016017 217.6141 142.3355  2.00571605 12789
0 NAVSTAR 76 (USA 266)
1 41328U 16007A   17308.83332757 +.00000029 +00000-0 +00000-0 0  9990
2 41328 054.8641 214.4385 0016017 217.6141 142.3355 02.00571605012789
0 NAVSTAR 76 (USA 266)
1 41328U 16007A   17309.33188818  .00000029  00000-0  00000+0 0  9992
2 41328  54.8640 214.4186 0016018 217.5627 142.3892  2.00571608 12796
0 NAVSTAR 76 (USA 266)
1 41328U 16007A   17309.33188818 +.00000029 +00000-0 +00000-0 0  9993
2 41328 054.8640 214.4186 0016018 217.5627 142.3892 02.00571608012796
0 NAVSTAR 76 (USA 266)
1 41328U 16007A   17310.32900869 +.00000025 +00000-0 +00000-0 0  9998
2 41328 054.8637 214.3788 0016019 217.4737 142.4814 02.00571572012819
0 NAVSTAR 76 (USA 266)
1 41328U 16007A   17311.32612568  .00000017  00000-0  00000+0 0  9995
2 41328  54.8635 214.3390 0016025 217.4291 142.5266  2.00571557 12835
0 NAVSTAR 76 (USA 266)
1 41328U 16007A   17311.32612727 +.00000017 +00000-0 +00000-0 0  9993
2 41328 054.8635 214.3390 0016025 217.4254 142.5303 02.00571492012834
0 NAVSTAR 76 (USA 266)
1 41328U 16007A   17312.32324189  .00000004  00000-0  00000+0 0  9991
2 41328  54.8633 214.2992 0016024 217.3456 142.6085  2.00571462 12858
0 NAVSTAR 76 (USA 266)
1 41328U 16007A   17312.32324103 +.00000004 +00000-0 +00000-0 0  9998
2 41328 054.8633 214.2993 0016022 217.3271 142.6271 02.00571482012851
0 NAVSTAR 76 (USA 266)
1 41328U 16007A   17312.82179703 -.00000003  00000-0  00000+0 0  9996
2 41328  54.8632 214.2794 0016014 217.2510 142.7019  2.00571483 12868
0 NAVSTAR 76 (USA 266)
1 41328U 16007A   17313.32035309 -.00000009  00000-0  00000+0 0  9991
2 41328  54.8631 214.2595 0016013 217.2130 142.7382  2.00571468 12870
0 NAVSTAR 76 (USA 266)
1 41328U 16007A   17313.32035309 -.00000009 +00000-0 +00000-0 0  9992
2 41328 054.8631 214.2595 0016013 217.2130 142.7382 02.00571468012870
0 NAVSTAR 76 (USA 266)
1 41328U 16007A   17314.31746541 -.00000021 +00000-0 +00000-0 0  9993
2 41328 054.8629 214.2197 0016009 217.1189 142.8287 02.00571430012899
0 NAVSTAR 76 (USA 266)
1 41328U 16007A   17315.31457783 -.00000029  00000-0  00000+0 0  9998
2 41328  54.8627 214.1799 0016013 217.0782 142.8665  2.00571440 12911
0 NAVSTAR 76 (USA 266)
1 41328U 16007A   17315.31457879 -.00000029 +00000-0 +00000-0 0  9995
2 41328 054.8627 214.1799 0016014 217.0680 142.8767 02.00571401012919
0 NAVSTAR 76 (USA 266)
1 41328U 16007A   17315.31457879 -.00000029  00000-0  00000+0 0  9994
2 41328  54.8627 214.1799 0016014 217.0680 142.8767  2.00571401 12919
0 NAVSTAR 76 (USA 266)
1 41328U 16007A   17315.81313629 -.00000030 +00000-0 +00000-0 0  9996
2 41328 054.8626 214.1600 0016012 217.0125 142.9315 02.00571395012924
0 NAVSTAR 76 (USA 266)
1 41328U 16007A   17317.30881321 -.00000026  00000-0  00000+0 0  9995
2 41328  54.8624 214.1003 0016006 216.8818 143.0634  2.00571403 12957
0 NAVSTAR 76 (USA 266)
1 41328U 16007A   17317.30881356 -.00000026 +00000-0 +00000-0 0  9994
2 41328 054.8624 214.1003 0016002 216.8506 143.0946 02.00571391012959
0 NAVSTAR 76 (USA 266)
1 41328U 16007A   17317.80737475 -.00000022  00000-0  00000+0 0  9996
2 41328  54.8623 214.0804 0016003 216.8073 143.1395  2.00571374 12967
0 NAVSTAR 76 (USA 266)
1 41328U 16007A   17318.30593650 -.00000017 +00000-0 +00000-0 0  9992
2 41328 054.8622 214.0605 0016007 216.7715 143.1773 02.00571359012975
0 NAVSTAR 76 (USA 266)
1 41328U 16007A   17319.30306274 -.00000005  00000-0  00000+0 0  9993
2 41328  54.8621 214.0207 0016007 216.6959 143.2581  2.00571307 12994
0 NAVSTAR 76 (USA 266)
1 41328U 16007A   17319.80162479  .00000001  00000-0  00000+0 0  9990
2 41328  54.8620 214.0009 0016007 216.6220 143.3351  2.00571335 13004
0 NAVSTAR 76 (USA 266)
1 41328U 16007A   17320.30018726 +.00000007 +00000-0 +00000-0 0  9999
2 41328 054.8619 213.9809 0016010 216.5870 143.3732 02.00571354013017
0 NAVSTAR 76 (USA 266)
1 41328U 16007A   17320.79875113  .00000013  00000-0  00000+0 0  9999
2 41328  54.8618 213.9611 0016008 216.5221 143.4413  2.00571327 13022
0 NAVSTAR 76 (USA 266)
1 41328U 16007A   17321.29731461 +.00000017 +00000-0 +00000-0 0  9997
2 41328 054.8617 213.9412 0016011 216.4812 143.4852 02.00571309013037
0 NAVSTAR 76 (USA 266)
1 41328U 16007A   17321.29731461  .00000017  00000-0  00000+0 0  9996
2 41328  54.8617 213.9412 0016011 216.4812 143.4852  2.00571309 13037
0 NAVSTAR 76 (USA 266)
1 41328U 16007A   17322.29444050 +.00000024 +00000-0 +00000-0 0  9991
2 41328 054.8616 213.9014 0016013 216.3866 143.5854 02.00571281013058
0 NAVSTAR 76 (USA 266)
1 41328U 16007A   17322.79300291  .00000026  00000-0  00000+0 0  9995
2 41328  54.8615 213.8815 0016015 216.3421 143.6322  2.00571266 13069
0 NAVSTAR 76 (USA 266)
1 41328U 16007A   17322.79300291 +.00000026 +00000-0 +00000-0 0  9996
2 41328 054.8615 213.8815 0016015 216.3421 143.6322 02.00571266013069
0 NAVSTAR 76 (USA 266)
1 41328U 16007A   17323.29156487 +.00000027 +00000-0 +00000-0 0  9999
2 41328 054.8614 213.8616 0016015 216.2907 143.6856 02.00571248013078
0 NAVSTAR 76 (USA 266)
1 41328U 16007A   17323.79012583  .00000026  00000-0  00000+0 0  9990
2 41328  54.8613 213.8417 0016015 216.2513 143.7265  2.00571255 13083
0 NAVSTAR 76 (USA 266)
1 41328U 16007A   17324.28868771 +.00000026 +00000-0 +00000-0 0  9994
2 41328 054.8613 213.8219 0016015 216.1849 143.7942 02.00571200013097
0 NAVSTAR 76 (USA 266)
1 41328U 16007A   17324.78724829  .00000024  00000-0  00000+0 0  9991
2 41328  54.8612 213.8020 0016012 216.1059 143.8741  2.00571186 13109
0 NAVSTAR 76 (USA 266)
1 41328U 16007A   17325.28580707 +.00000023 +00000-0 +00000-0 0  9992
2 41328 054.8611 213.7821 0016011 216.0380 143.9424 02.00571202013110
0 NAVSTAR 76 (USA 266)
1 41328U 16007A   17325.28580707  .00000023  00000-0  00000+0 0  9991
2 41328  54.8611 213.7821 0016011 216.0380 143.9424  2.00571202 13110
0 NAVSTAR 76 (USA 266)
1 41328U 16007A   17326.28292635 +.00000019 +00000-0 +00000-0 0  9998
2 41328 054.8609 213.7423 0016021 215.9415 144.0385 02.00571126013138
0 NAVSTAR 76 (USA 266)
1 41328U 16007A   17326.78148453  .00000018  00000-0  00000+0 0  9999
2 41328  54.8608 213.7225 0016026 215.8925 144.0869  2.00571122 13141
0 NAVSTAR 76 (USA 266)
1 41328U 16007A   17327.28004268 +.00000016 +00000-0 +00000-0 0  9999
2 41328 054.8607 213.7026 0016029 215.8313 144.1473 02.00571106013158
0 NAVSTAR 76 (USA 266)
1 41328U 16007A   17327.77860113 +.00000016 +00000-0 +00000-0 0  9992
2 41328 054.8607 213.6827 0016028 215.7614 144.2164 02.00571081013169
0 NAVSTAR 76 (USA 266)
1 41328U 16007A   17327.77860113  .00000016  00000-0  00000+0 0  9991
2 41328  54.8607 213.6827 0016028 215.7614 144.2164  2.00571081 13169
0 NAVSTAR 76 (USA 266)
1 41328U 16007A   17328.27715845 +.00000016 +00000-0 +00000-0 0  9999
2 41328 054.8606 213.6628 0016034 215.7118 144.2649 02.00571083013174
0 NAVSTAR 76 (USA 266)
1 41328U 16007A   17328.77571735  .00000017  00000-0  00000+0 0  9992
2 41328  54.8605 213.6429 0016040 215.6766 144.2990  2.00571036 13185
0 NAVSTAR 76 (USA 266)
1 41328U 16007A   17329.27427573 +.00000018 +00000-0 +00000-0 0  9990
2 41328 054.8604 213.6230 0016043 215.6232 144.3515 02.00571015013197
0 NAVSTAR 76 (USA 266)
1 41328U 16007A   17329.27427573  .00000018  00000-0  00000+0 0  9999
2 41328  54.8604 213.6230 0016043 215.6232 144.3515  2.00571015 13197
0 NAVSTAR 76 (USA 266)
1 41328U 16007A   17330.27139379 +.00000023 +00000-0 +00000-0 0  9992
2 41328 054.8603 213.5832 0016051 215.5323 144.4413 02.00570955013215
0 NAVSTAR 76 (USA 266)
1 41328U 16007A   17330.76995377  .00000026  00000-0  00000+0 0  9996
2 41328  54.8603 213.5633 0016061 215.4954 144.4779  2.00570907 13227
0 NAVSTAR 76 (USA 266)
1 41328U 16007A   17331.76707361  .00000035  00000-0  00000+0 0  9991
2 41328  54.8601 213.5235 0016065 215.4224 144.5518  2.00570903 13247
0 NAVSTAR 76 (USA 266)
1 41328U 16007A   17331.76707361  .00000035  00000-0  00000+0 0  9991
2 41328  54.8601 213.5235 0016065 215.4224 144.5518  2.00570903 13247
0 NAVSTAR 76 (USA 266)
1 41328U 16007A   17333.76132359  .00000055  00000-0  00000+0 0  9994
2 41328  54.8599 213.4439 0016077 215.2273 144.7534  2.00570776 13285
0 NAVSTAR 76 (USA 266)
1 41328U 16007A   17334.25988699 +.00000060 +00000-0 +00000-0 0  9992
2 41328 054.8598 213.4240 0016074 215.1566 144.8266 02.00570760013292
0 NAVSTAR 76 (USA 266)
1 41328U 16007A   17334.75845142  .00000064  00000-0  00000+0 0  9995
2 41328  54.8597 213.4041 0016075 215.0834 144.9023  2.00570710 13307
0 NAVSTAR 76 (USA 266)
1 41328U 16007A   17334.75845142  .00000064  00000-0  00000+0 0  9995
2 41328  54.8597 213.4041 0016075 215.0834 144.9023  2.00570710 13307
0 NAVSTAR 76 (USA 266)
1 41328U 16007A   17335.25701500 +.00000068 +00000-0 +00000-0 0  9995
2 41328 054.8597 213.3842 0016079 215.0398 144.9483 02.00570690013312
0 NAVSTAR 76 (USA 266)
1 41328U 16007A   17336.25414162  .00000072  00000-0  00000+0 0  9995
2 41328  54.8595 213.3444 0016087 214.9383 145.0539  2.00570639 13338
0 NAVSTAR 76 (USA 266)
1 41328U 16007A   17336.25414117 +.00000072 +00000-0 +00000-0 0  9996
2 41328 054.8595 213.3443 0016089 214.9697 145.0224 02.00570661013333
0 NAVSTAR 76 (USA 266)
1 41328U 16007A   17336.75270302  .00000072  00000-0  00000+0 0  9996
2 41328  54.8594 213.3244 0016098 214.9120 145.0816  2.00570646 13343
0 NAVSTAR 76 (USA 266)
1 41328U 16007A   17336.75270302  .00000072  00000-0  00000+0 0  9996
2 41328  54.8594 213.3244 0016098 214.9120 145.0816  2.00570646 13343
0 NAVSTAR 76 (USA 266)
1 41328U 16007A   17338.24838644 +.00000064 +00000-0 +00000-0 0  9993
2 41328 054.8592 213.2647 0016110 214.8125 145.1818 02.00570568013375
0 NAVSTAR 76 (USA 266)
1 41328U 16007A   17338.74694492  .00000060  00000-0  00000+0 0  9994
2 41328  54.8591 213.2448 0016133 214.8480 145.1450  2.00570560 13387
0 NAVSTAR 76 (USA 266)
1 41328U 16007A   17339.24550274 +.00000054 +00000-0 +00000-0 0  9993
2 41328 054.8590 213.2249 0016139 214.8255 145.1659 02.00570564013397
0 NAVSTAR 76 (USA 266)
1 41328U 16007A   17339.74406141  .00000048  00000-0  00000+0 0  9993
2 41328  54.8590 213.2050 0016137 214.7562 145.2332  2.00570518 13405
0 NAVSTAR 76 (USA 266)
1 41328U 16007A   17340.24261936 +.00000041 +00000-0 +00000-0 0  9995
2 41328 054.8589 213.1851 0016141 214.7441 145.2428 02.00570477013413
0 NAVSTAR 76 (USA 266)
1 41328U 16007A   17340.74117552 +.00000035 +00000-0 +00000-0 0  9997
2 41328 054.8588 213.1652 0016142 214.6992 145.2850 02.00570496013423
0 NAVSTAR 76 (USA 266)
1 41328U 16007A   17340.74117552  .00000035  00000-0  00000+0 0  9996
2 41328  54.8588 213.1652 0016142 214.6992 145.2850  2.00570496 13423
0 NAVSTAR 76 (USA 266)
1 41328U 16007A   17341.23973226 +.00000029 +00000-0 +00000-0 0  9993
2 41328 054.8588 213.1452 0016150 214.6501 145.3313 02.00570486013431
0 NAVSTAR 76 (USA 266)
1 41328U 16007A   17341.73828991 +.00000023 +00000-0 +00000-0 0  9990
2 41328 054.8587 213.1253 0016153 214.6075 145.3712 02.00570456013449
0 NAVSTAR 76 (USA 266)
1 41328U 16007A   17341.73828991  .00000023  00000-0  00000+0 0  9999
2 41328  54.8587 213.1253 0016153 214.6075 145.3712  2.00570456 13449
0 NAVSTAR 76 (USA 266)
1 41328U 16007A   17342.23684801 +.00000019 +00000-0 +00000-0 0  9991
2 41328 054.8587 213.1054 0016157 214.5675 145.4087 02.00570425013450
0 NAVSTAR 76 (USA 266)
1 41328U 16007A   17342.73540585  .00000017  00000-0  00000+0 0  9993
2 41328  54.8586 213.0855 0016153 214.5124 145.4619  2.00570429 13468
0 NAVSTAR 76 (USA 266)
1 41328U 16007A   17343.23396435 +.00000016 +00000-0 +00000-0 0  9992
2 41328 054.8586 213.0656 0016167 214.5204 145.4521 02.00570425013470
0 NAVSTAR 76 (USA 266)
1 41328U 16007A   17343.73252416 +.00000016 +00000-0 +00000-0 0  9997
2 41328 054.8585 213.0457 0016159 214.4203 145.5514 02.00570416013481
0 NAVSTAR 76 (USA 266)
1 41328U 16007A   17344.23108445 +.00000018 +00000-0 +00000-0 0  9997
2 41328 054.8585 213.0258 0016163 214.3819 145.5893 02.00570414013496
0 NAVSTAR 76 (USA 266)
1 41328U 16007A   17344.72964614  .00000021  00000-0  00000+0 0  9992
2 41328  54.8585 213.0059 0016165 214.3101 145.6613  2.00570398 13505
0 NAVSTAR 76 (USA 266)
1 41328U 16007A   17345.22820850 +.00000026 +00000-0 +00000-0 0  9997
2 41328 054.8584 212.9859 0016163 214.2504 145.7218 02.00570383013511
0 NAVSTAR 76 (USA 266)
1 41328U 16007A   17345.72677156  .00000031  00000-0  00000+0 0  9996
2 41328  54.8584 212.9661 0016168 214.2250 145.7483  2.00570368 13523
0 NAVSTAR 76 (USA 266)
1 41328U 16007A   17346.22533441 +.00000037 +00000-0 +00000-0 0  9997
2 41328 054.8583 212.9462 0016174 214.1797 145.7951 02.00570380013538
0 NAVSTAR 76 (USA 266)
1 41328U 16007A   17346.72389875  .00000043  00000-0  00000+0 0  9998
2 41328  54.8583 212.9263 0016181 214.1574 145.8193  2.00570355 13540
0 NAVSTAR 76 (USA 266)
1 41328U 16007A   17347.72102661 +.00000055 +00000-0 +00000-0 0  9999
2 41328 054.8582 212.8865 0016192 214.1328 145.8479 02.00570356013565
0 NAVSTAR 76 (USA 266)
1 41328U 16007A   17347.72102661  .00000055  00000-0  00000+0 0  9998
2 41328  54.8582 212.8865 0016192 214.1328 145.8479  2.00570356 13565
0 NAVSTAR 76 (USA 266)
1 41328U 16007A   17348.71815455  .00000064  00000-0  00000+0 0  9990
2 41328  54.8581 212.8467 0016218 214.0115 145.9731  2.00570350 13582
0 NAVSTAR 76 (USA 266)
1 41328U 16007A   17349.71528242 +.00000070 +00000-0 +00000-0 0  9994
2 41328 054.8579 212.8069 0016228 213.9850 146.0027 02.00570310013601
0 NAVSTAR 76 (USA 266)
1 41328U 16007A   17349.71528261  .00000070  00000-0  00000+0 0  9994
2 41328  54.8580 212.8068 0016233 213.9393 146.0485  2.00570299 13604
0 NAVSTAR 76 (USA 266)
1 41328U 16007A   17350.21384525 +.00000071 +00000-0 +00000-0 0  9996
2 41328 054.8579 212.7869 0016238 213.9033 146.0856 02.00570305013617
0 NAVSTAR 76 (USA 266)
1 41328U 16007A   17350.21384530 +.00000071 +00000-0 +00000-0 0  9992
2 41328 054.8579 212.7869 0016237 213.8842 146.1048 02.00570300013612
0 NAVSTAR 76 (USA 266)
1 41328U 16007A   17350.71240869  .00000071  00000-0  00000+0 0  9992
2 41328  54.8579 212.7670 0016244 213.8548 146.1348  2.00570256 13627
0 NAVSTAR 76 (USA 266)
1 41328U 16007A   17351.21097018 +.00000071 +00000-0 +00000-0 0  9995
2 41328 054.8579 212.7471 0016250 213.8097 146.1802 02.00570259013631
0 NAVSTAR 76 (USA 266)
1 41328U 16007A   17351.70953245  .00000070  00000-0  00000+0 0  9990
2 41328  54.8578 212.7272 0016257 213.7768 146.2130  2.00570216 13649
0 NAVSTAR 76 (USA 266)
1 41328U 16007A   17352.20809346 +.00000068 +00000-0 +00000-0 0  9996
2 41328 054.8578 212.7073 0016265 213.7436 146.2456 02.00570207013651
0 NAVSTAR 76 (USA 266)
1 41328U 16007A   17352.20809296 +.00000068 +00000-0 +00000-0 0  9990
2 41328 054.8578 212.7073 0016264 213.7264 146.2629 02.00570217013652
0 NAVSTAR 76 (USA 266)
1 41328U 16007A   17353.20521406  .00000064  00000-0  00000+0 0  9990
2 41328  54.8577 212.6676 0016285 213.6816 146.3054  2.00570170 13677
0 NAVSTAR 76 (USA 266)
1 41328U 16007A   17353.20521354 +.00000064 +00000-0 +00000-0 0  9993
2 41328 054.8577 212.6676 0016283 213.6625 146.3246 02.00570186013673
0 NAVSTAR 76 (USA 266)
1 41328U 16007A   17353.20521390 +.00000064 +00000-0 +00000-0 0  9993
2 41328 054.8577 212.6676 0016281 213.6448 146.3424 02.00570171013676
0 NAVSTAR 76 (USA 266)
1 41328U 16007A   17353.20521390  .00000064  00000-0  00000+0 0  9992
2 41328  54.8577 212.6676 0016281 213.6448 146.3424  2.00570171 13676
0 NAVSTAR 76 (USA 266)
1 41328U 16007A   17354.70089161  .00000059  00000-0  00000+0 0  9997
2 41328  54.8576 212.6079 0016312 213.5109 146.4710  2.00570129 13706
0 NAVSTAR 76 (USA 266)
1 41328U 16007A   17355.69801088  .00000058  00000-0  00000+0 0  9995
2 41328  54.8575 212.5681 0016333 213.4461 146.5315  2.00570047 13729
0 NAVSTAR 76 (USA 266)
1 41328U 16007A   17356.19656986 +.00000059 +00000-0 +00000-0 0  9998
2 41328 054.8575 212.5482 0016346 213.4027 146.5728 02.00570029013739
0 NAVSTAR 76 (USA 266)
1 41328U 16007A   17356.69512937  .00000060  00000-0  00000+0 0  9991
2 41328  54.8574 212.5284 0016363 213.4188 146.5546  2.00570000 13743
0 NAVSTAR 76 (USA 266)
1 41328U 16007A   17357.69224862  .00000065  00000-0  00000+0 0  9994
2 41328  54.8573 212.4886 0016382 213.3515 146.6188  2.00569974 13766
0 NAVSTAR 76 (USA 266)
1 41328U 16007A   17358.19080967 +.00000069 +00000-0 +00000-0 0  9991
2 41328 054.8573 212.4687 0016392 213.3433 146.6257 02.00569938013773
0 NAVSTAR 76 (USA 266)
1 41328U 16007A   17358.68937159  .00000073  00000-0  00000+0 0  9993
2 41328  54.8572 212.4488 0016403 213.2997 146.6687  2.00569890 13783
0 NAVSTAR 76 (USA 266)
1 41328U 16007A   17359.18793288 +.00000077 +00000-0 +00000-0 0  9997
2 41328 054.8572 212.4288 0016408 213.2331 146.7351 02.00569895013793
0 NAVSTAR 76 (USA 266)
1 41328U 16007A   17360.18505918  .00000087  00000-0  00000+0 0  9990
2 41328  54.8571 212.3890 0016425 213.2013 146.7674  2.00569841 13818
0 NAVSTAR 76 (USA 266)
1 41328U 16007A   17360.18505918 +.00000087 +00000-0 +00000-0 0  9991
2 41328 054.8571 212.3890 0016425 213.2013 146.7674 02.00569841013818
0 NAVSTAR 76 (USA 266)
1 41328U 16007A   17360.68362310  .00000092  00000-0  00000+0 0  9998
2 41328  54.8571 212.3691 0016434 213.1402 146.8294  2.00569796 13827
0 NAVSTAR 76 (USA 266)
1 41328U 16007A   17361.18218695 +.00000096 +00000-0 +00000-0 0  9995
2 41328 054.8571 212.3492 0016444 213.1106 146.8602 02.00569779013833
0 NAVSTAR 76 (USA 266)
1 41328U 16007A   17362.17931656 +.00000104 +00000-0 +00000-0 0  9994
2 41328 054.8570 212.3094 0016468 213.0650 146.9082 02.00569709013857
0 NAVSTAR 76 (USA 266)
1 41328U 16007A   17362.17931717  .00000104  00000-0  00000+0 0  9991
2 41328  54.8569 212.3094 0016463 213.0959 146.8774  2.00569710 13851
0 NAVSTAR 76 (USA 266)
1 41328U 16007A   17362.67788167  .00000107  00000-0  00000+0 0  9998
2 41328  54.8569 212.2895 0016474 213.0390 146.9355  2.00569673 13865
0 NAVSTAR 76 (USA 266)
1 41328U 16007A   17363.17644572 +.00000109 +00000-0 +00000-0 0  9998
2 41328 054.8569 212.2696 0016486 213.0074 146.9682 02.00569655013870
0 NAVSTAR 76 (USA 266)
1 41328U 16007A   17363.67500949  .00000110  00000-0  00000+0 0  9993
2 41328  54.8568 212.2497 0016500 212.9818 146.9945  2.00569632 13887
0 NAVSTAR 76 (USA 266)
1 41328U 16007A   17364.17357242 +.00000110 +00000-0 +00000-0 0  9996
2 41328 054.8568 212.2298 0016510 212.9622 147.0143 02.00569623013893
0 NAVSTAR 76 (USA 266)
1 41328U 16007A   17364.67213473  .00000108  00000-0  00000+0 0  9994
2 41328  54.8567 212.2099 0016521 212.9446 147.0315  2.00569612 13908
