0 NAVSTAR 75 (USA 265)
1 41019U 15062A   17274.34008601  .00000008  00000-0  00000+0 0  9999
2 41019  55.0224 156.0698 0028690 200.3200 159.6451  2.00563881 14034
0 NAVSTAR 75 (USA 265)
1 41019U 15062A   17274.34008601  .00000008  00000-0  00000+0 0  9999
2 41019  55.0224 156.0698 0028690 200.3200 159.6451  2.00563881 14034
0 NAVSTAR 75 (USA 265)
1 41019U 15062A   17275.33724933 +.00000021 +00000-0 +00000-0 0  9998
2 41019 055.0225 156.0301 0028721 200.2412 159.7292 02.00563857014054
0 NAVSTAR 75 (USA 265)
1 41019U 15062A   17275.83583086  .00000026  00000-0  00000+0 0  9999
2 41019  55.0226 156.0103 0028736 200.2049 159.7683  2.00563858 14063
0 NAVSTAR 75 (USA 265)
1 41019U 15062A   17276.33441335 +.00000032 +00000-0 +00000-0 0  9993
2 41019 055.0227 155.9905 0028748 200.1779 159.7982 02.00563831014078
0 NAVSTAR 75 (USA 265)
1 41019U 15062A   17277.33157695  .00000041  00000-0  00000+0 0  9996
2 41019  55.0228 155.9508 0028764 200.1633 159.8181  2.00563807 14092
0 NAVSTAR 75 (USA 265)
1 41019U 15062A   17277.33157593 +.00000041 +00000-0 +00000-0 0  9994
2 41019 055.0228 155.9508 0028775 200.1096 159.8721 02.00563847014091
0 NAVSTAR 75 (USA 265)
1 41019U 15062A   17277.83015780  .00000045  00000-0  00000+0 0  9993
2 41019  55.0229 155.9310 0028788 200.0976 159.8864  2.00563814 14107
0 NAVSTAR 75 (USA 265)
1 41019U 15062A   17278.32873876 +.00000047 +00000-0 +00000-0 0  9999
2 41019 055.0230 155.9112 0028801 200.0680 159.9180 02.00563799014112
0 NAVSTAR 75 (USA 265)
1 41019U 15062A   17278.82731874  .00000048  00000-0  00000+0 0  9995
2 41019  55.0230 155.8914 0028816 200.0509 159.9366  2.00563789 14123
0 NAVSTAR 75 (USA 265)
1 41019U 15062A   17278.82731874  .00000048  00000-0  00000+0 0  9995
2 41019  55.0230 155.8914 0028816 200.0509 159.9366  2.00563789 14123
0 NAVSTAR 75 (USA 265)
1 41019U 15062A   17278.82731874  .00000048  00000-0  00000+0 0  9995
2 41019  55.0230 155.8914 0028816 200.0509 159.9366  2.00563789 14123
0 NAVSTAR 75 (USA 265)
1 41019U 15062A   17278.82731874 +.00000048 +00000-0 +00000-0 0  9996
2 41019 055.0230 155.8914 0028816 200.0509 159.9366 02.00563789014123
0 NAVSTAR 75 (USA 265)
1 41019U 15062A   17278.82731874  .00000048  00000-0  00000+0 0  9995
2 41019  55.0230 155.8914 0028816 200.0509 159.9366  2.00563789 14123
0 NAVSTAR 75 (USA 265)
1 41019U 15062A   17280.32305437 +.00000045 +00000-0 +00000-0 0  9993
2 41019 055.0233 155.8319 0028855 199.9853 160.0032 02.00563752014152
0 NAVSTAR 75 (USA 265)
1 41019U 15062A   17280.82163021  .00000042  00000-0  00000+0 0  9995
2 41019  55.0233 155.8121 0028866 199.9378 160.0500  2.00563784 14163
0 NAVSTAR 75 (USA 265)
1 41019U 15062A   17281.81878152  .00000033  00000-0  00000+0 0  9993
2 41019  55.0235 155.7724 0028895 199.8852 160.0993  2.00563767 14180
0 NAVSTAR 75 (USA 265)
1 41019U 15062A   17282.31735604 +.00000028 +00000-0 +00000-0 0  9998
2 41019 055.0236 155.7526 0028906 199.8744 160.1077 02.00563772014195
0 NAVSTAR 75 (USA 265)
1 41019U 15062A   17282.81593079  .00000022  00000-0  00000+0 0  9994
2 41019  55.0237 155.7328 0028917 199.8575 160.1222  2.00563761 14202
0 NAVSTAR 75 (USA 265)
1 41019U 15062A   17283.31450447 +.00000017 +00000-0 +00000-0 0  9996
2 41019 055.0238 155.7130 0028929 199.8317 160.1456 02.00563789014211
0 NAVSTAR 75 (USA 265)
1 41019U 15062A   17283.31450447  .00000017  00000-0  00000+0 0  9995
2 41019  55.0238 155.7130 0028929 199.8317 160.1456  2.00563789 14211
0 NAVSTAR 75 (USA 265)
1 41019U 15062A   17284.31165544 +.00000008 +00000-0 +00000-0 0  9998
2 41019 055.0240 155.6733 0028954 199.7727 160.2002 02.00563748014239
0 NAVSTAR 75 (USA 265)
1 41019U 15062A   17284.81023130  .00000006  00000-0  00000+0 0  9994
2 41019  55.0241 155.6535 0028966 199.7471 160.2241  2.00563743 14240
0 NAVSTAR 75 (USA 265)
1 41019U 15062A   17285.30880678 +.00000004 +00000-0 +00000-0 0  9996
2 41019 055.0242 155.6337 0028981 199.7208 160.2492 02.00563776014251
0 NAVSTAR 75 (USA 265)
1 41019U 15062A   17285.80738381  .00000004  00000-0  00000+0 0  9993
2 41019  55.0243 155.6138 0028993 199.6903 160.2792  2.00563785 14269
0 NAVSTAR 75 (USA 265)
1 41019U 15062A   17286.30596220 +.00000005 +00000-0 +00000-0 0  9995
2 41019 055.0244 155.5940 0029010 199.6798 160.2897 02.00563773014277
0 NAVSTAR 75 (USA 265)
1 41019U 15062A   17287.30312042  .00000011  00000-0  00000+0 0  9990
2 41019  55.0246 155.5544 0029029 199.6525 160.3187  2.00563786 14296
0 NAVSTAR 75 (USA 265)
1 41019U 15062A   17287.80170081  .00000015  00000-0  00000+0 0  9994
2 41019  55.0247 155.5346 0029053 199.5848 160.3882  2.00563796 14306
0 NAVSTAR 75 (USA 265)
1 41019U 15062A   17288.30028118 +.00000020 +00000-0 +00000-0 0  9990
2 41019 055.0248 155.5147 0029068 199.5633 160.4116 02.00563813014316
0 NAVSTAR 75 (USA 265)
1 41019U 15062A   17289.29744295  .00000030  00000-0  00000+0 0  9990
2 41019  55.0249 155.4751 0029085 199.5361 160.4431  2.00563823 14337
0 NAVSTAR 75 (USA 265)
1 41019U 15062A   17289.29744291 +.00000030 +00000-0 +00000-0 0  9997
2 41019 055.0249 155.4752 0029100 199.5115 160.4678 02.00563840014335
0 NAVSTAR 75 (USA 265)
1 41019U 15062A   17289.79602398  .00000035  00000-0  00000+0 0  9997
2 41019  55.0250 155.4553 0029113 199.4998 160.4817  2.00563840 14344
0 NAVSTAR 75 (USA 265)
1 41019U 15062A   17289.79602398 +.00000035 +00000-0 +00000-0 0  9998
2 41019 055.0250 155.4553 0029113 199.4998 160.4817 02.00563840014344
0 NAVSTAR 75 (USA 265)
1 41019U 15062A   17290.29460469 +.00000038 +00000-0 +00000-0 0  9999
2 41019 055.0251 155.4355 0029123 199.4918 160.4916 02.00563843014352
0 NAVSTAR 75 (USA 265)
1 41019U 15062A   17290.79318485 +.00000041 +00000-0 +00000-0 0  9998
2 41019 055.0252 155.4157 0029144 199.4612 160.5239 02.00563859014364
0 NAVSTAR 75 (USA 265)
1 41019U 15062A   17291.29176457  .00000043  00000-0  00000+0 0  9996
2 41019  55.0253 155.3959 0029158 199.4421 160.5444  2.00563869 14377
0 NAVSTAR 75 (USA 265)
1 41019U 15062A   17291.29176430 +.00000043 +00000-0 +00000-0 0  9998
2 41019 055.0253 155.3959 0029160 199.4424 160.5440 02.00563879014370
0 NAVSTAR 75 (USA 265)
1 41019U 15062A   17292.28892243  .00000044  00000-0  00000+0 0  9995
2 41019  55.0255 155.3562 0029181 199.4280 160.5597  2.00563874 14395
0 NAVSTAR 75 (USA 265)
1 41019U 15062A   17292.28892183 +.00000044 +00000-0 +00000-0 0  9999
2 41019 055.0255 155.3562 0029192 199.4015 160.5864 02.00563905014395
0 NAVSTAR 75 (USA 265)
1 41019U 15062A   17292.28892183  .00000044  00000-0  00000+0 0  9998
2 41019  55.0255 155.3562 0029192 199.4015 160.5864  2.00563905 14395
0 NAVSTAR 75 (USA 265)
1 41019U 15062A   17293.28607733 +.00000040 +00000-0 +00000-0 0  9991
2 41019 055.0257 155.3166 0029222 199.3567 160.6310 02.00563915014413
0 NAVSTAR 75 (USA 265)
1 41019U 15062A   17293.78465414  .00000037  00000-0  00000+0 0  9999
2 41019  55.0258 155.2968 0029238 199.3366 160.6503  2.00563923 14421
0 NAVSTAR 75 (USA 265)
1 41019U 15062A   17294.28323076 +.00000034 +00000-0 +00000-0 0  9990
2 41019 055.0259 155.2769 0029254 199.3110 160.6749 02.00563922014438
0 NAVSTAR 75 (USA 265)
1 41019U 15062A   17295.28038205  .00000027  00000-0  00000+0 0  9999
2 41019  55.0261 155.2373 0029281 199.2655 160.7176  2.00563946 14458
0 NAVSTAR 75 (USA 265)
1 41019U 15062A   17295.28038297 +.00000027 +00000-0 +00000-0 0  9991
2 41019 055.0261 155.2373 0029293 199.2361 160.7470 02.00563923014457
0 NAVSTAR 75 (USA 265)
1 41019U 15062A   17295.77895802  .00000024  00000-0  00000+0 0  9994
2 41019  55.0262 155.2175 0029311 199.2122 160.7693  2.00563945 14466
0 NAVSTAR 75 (USA 265)
1 41019U 15062A   17296.77610798 +.00000020 +00000-0 +00000-0 0  9991
2 41019 055.0264 155.1779 0029336 199.1934 160.7846 02.00563977014481
0 NAVSTAR 75 (USA 265)
1 41019U 15062A   17296.77610795  .00000020  00000-0  00000+0 0  9997
2 41019  55.0264 155.1779 0029349 199.1601 160.8181  2.00563987 14480
0 NAVSTAR 75 (USA 265)
1 41019U 15062A   17297.27468440 +.00000019 +00000-0 +00000-0 0  9990
2 41019 055.0265 155.1581 0029366 199.1491 160.8274 02.00563957014499
0 NAVSTAR 75 (USA 265)
1 41019U 15062A   17297.77326019  .00000020  00000-0  00000+0 0  9991
2 41019  55.0266 155.1383 0029385 199.1326 160.8425  2.00563957 14508
0 NAVSTAR 75 (USA 265)
1 41019U 15062A   17298.27183532 +.00000021 +00000-0 +00000-0 0  9990
2 41019 055.0267 155.1185 0029402 199.1197 160.8542 02.00563991014514
0 NAVSTAR 75 (USA 265)
1 41019U 15062A   17298.77041186  .00000024  00000-0  00000+0 0  9995
2 41019  55.0268 155.0987 0029419 199.1104 160.8625  2.00563987 14528
0 NAVSTAR 75 (USA 265)
1 41019U 15062A   17298.77041186  .00000024  00000-0  00000+0 0  9995
2 41019  55.0268 155.0987 0029419 199.1104 160.8625  2.00563987 14528
0 NAVSTAR 75 (USA 265)
1 41019U 15062A   17298.77041186  .00000024  00000-0  00000+0 0  9995
2 41019  55.0268 155.0987 0029419 199.1104 160.8625  2.00563987 14528
0 NAVSTAR 75 (USA 265)
1 41019U 15062A   17301.26330138  .00000048  00000-0  00000+0 0  9998
2 41019  55.0274 154.9995 0029500 199.0165 160.9573  2.00563974 14573
0 NAVSTAR 75 (USA 265)
1 41019U 15062A   17301.76188054  .00000054  00000-0  00000+0 0  9998
2 41019  55.0275 154.9797 0029515 199.0064 160.9685  2.00563971 14580
0 NAVSTAR 75 (USA 265)
1 41019U 15062A   17302.26046058 +.00000061 +00000-0 +00000-0 0  9990
2 41019 055.0276 154.9599 0029527 199.0101 160.9661 02.00563955014593
0 NAVSTAR 75 (USA 265)
1 41019U 15062A   17302.26046004 +.00000061 +00000-0 +00000-0 0  9991
2 41019 055.0276 154.9599 0029530 198.9985 160.9778 02.00563971014592
0 NAVSTAR 75 (USA 265)
1 41019U 15062A   17302.75904067  .00000067  00000-0  00000+0 0  9992
2 41019  55.0277 154.9401 0029548 198.9624 161.0157  2.00563945 14600
0 NAVSTAR 75 (USA 265)
1 41019U 15062A   17304.25478059  .00000083  00000-0  00000+0 0  9994
2 41019  55.0280 154.8806 0029589 198.9277 161.0556  2.00563941 14633
0 NAVSTAR 75 (USA 265)
1 41019U 15062A   17304.25478059 +.00000083 +00000-0 +00000-0 0  9995
2 41019 055.0280 154.8806 0029589 198.9277 161.0556 02.00563941014633
0 NAVSTAR 75 (USA 265)
1 41019U 15062A   17304.75336069 +.00000087 +00000-0 +00000-0 0  9998
2 41019 055.0281 154.8608 0029613 198.8930 161.0919 02.00563919014646
0 NAVSTAR 75 (USA 265)
1 41019U 15062A   17305.25193966 +.00000090 +00000-0 +00000-0 0  9995
2 41019 055.0282 154.8409 0029632 198.8671 161.1190 02.00563925014659
0 NAVSTAR 75 (USA 265)
1 41019U 15062A   17306.24909677 +.00000093 +00000-0 +00000-0 0  9992
2 41019 055.0284 154.8013 0029648 198.8740 161.1131 02.00563902014678
0 NAVSTAR 75 (USA 265)
1 41019U 15062A   17306.74767362  .00000093  00000-0  00000+0 0  9999
2 41019  55.0285 154.7814 0029676 198.8438 161.1430  2.00563907 14680
0 NAVSTAR 75 (USA 265)
1 41019U 15062A   17308.24340093  .00000086  00000-0  00000+0 0  9996
2 41019  55.0288 154.7219 0029716 198.8309 161.1513  2.00563869 14717
0 NAVSTAR 75 (USA 265)
1 41019U 15062A   17308.24340093 +.00000086 +00000-0 +00000-0 0  9997
2 41019 055.0288 154.7219 0029716 198.8309 161.1513 02.00563869014717
0 NAVSTAR 75 (USA 265)
1 41019U 15062A   17308.24340105 +.00000086 +00000-0 +00000-0 0  9991
2 41019 055.0289 154.7219 0029725 198.8072 161.1751 02.00563861014711
0 NAVSTAR 75 (USA 265)
1 41019U 15062A   17308.74197513  .00000081  00000-0  00000+0 0  9993
2 41019  55.0290 154.7021 0029738 198.8038 161.1758  2.00563853 14729
0 NAVSTAR 75 (USA 265)
1 41019U 15062A   17308.74197513 +.00000081 +00000-0 +00000-0 0  9994
2 41019 055.0290 154.7021 0029738 198.8038 161.1758 02.00563853014729
0 NAVSTAR 75 (USA 265)
1 41019U 15062A   17309.24054811  .00000076  00000-0  00000+0 0  9996
2 41019  55.0291 154.6822 0029754 198.7962 161.1803  2.00563862 14733
0 NAVSTAR 75 (USA 265)
1 41019U 15062A   17309.24054811 +.00000076 +00000-0 +00000-0 0  9997
2 41019 055.0291 154.6822 0029754 198.7962 161.1803 02.00563862014733
0 NAVSTAR 75 (USA 265)
1 41019U 15062A   17310.73626712 +.00000060 +00000-0 +00000-0 0  9991
2 41019 055.0294 154.6227 0029787 198.7719 161.1941 02.00563847014760
0 NAVSTAR 75 (USA 265)
1 41019U 15062A   17310.73626697  .00000060  00000-0  00000+0 0  9992
2 41019  55.0295 154.6227 0029801 198.7452 161.2209  2.00563850 14764
0 NAVSTAR 75 (USA 265)
1 41019U 15062A   17311.23484093 +.00000056 +00000-0 +00000-0 0  9996
2 41019 055.0296 154.6029 0029814 198.7391 161.2236 02.00563818014776
0 NAVSTAR 75 (USA 265)
1 41019U 15062A   17312.23198787  .00000049  00000-0  00000+0 0  9990
2 41019  55.0298 154.5632 0029833 198.7362 161.2208  2.00563845 14797
0 NAVSTAR 75 (USA 265)
1 41019U 15062A   17312.23198743  .00000049  00000-0  00000+0 0  9992
2 41019  55.0294 154.5629 0029397 199.5460 160.4129  2.00563966 14799
0 NAVSTAR 75 (USA 265)
1 41019U 15062A   17312.73056240 +.00000048 +00000-0 +00000-0 0  9992
2 41019 055.0299 154.5434 0029848 198.7198 161.2352 02.00563858014807
0 NAVSTAR 75 (USA 265)
1 41019U 15062A   17312.73056240  .00000048  00000-0  00000+0 0  9991
2 41019  55.0299 154.5434 0029848 198.7198 161.2352  2.00563858 14807
0 NAVSTAR 75 (USA 265)
1 41019U 15062A   17313.22913840 +.00000048 +00000-0 +00000-0 0  9995
2 41019 055.0301 154.5236 0029877 198.6802 161.2733 02.00563855014815
0 NAVSTAR 75 (USA 265)
1 41019U 15062A   17314.22629204  .00000051  00000-0  00000+0 0  9997
2 41019  55.0303 154.4839 0029895 198.6810 161.2714  2.00563867 14838
0 NAVSTAR 75 (USA 265)
1 41019U 15062A   17314.22629205 +.00000051 +00000-0 +00000-0 0  9999
2 41019 055.0304 154.4840 0029910 198.6565 161.2959 02.00563875014836
0 NAVSTAR 75 (USA 265)
1 41019U 15062A   17314.22629205  .00000051  00000-0  00000+0 0  9998
2 41019  55.0304 154.4840 0029910 198.6565 161.2959  2.00563875 14836
0 NAVSTAR 75 (USA 265)
1 41019U 15062A   17315.22344873 +.00000059 +00000-0 +00000-0 0  9993
2 41019 055.0306 154.4443 0029942 198.6420 161.3113 02.00563889014852
0 NAVSTAR 75 (USA 265)
1 41019U 15062A   17315.22344873  .00000059  00000-0  00000+0 0  9992
2 41019  55.0306 154.4443 0029942 198.6420 161.3113  2.00563889 14852
0 NAVSTAR 75 (USA 265)
1 41019U 15062A   17315.72202766 +.00000063 +00000-0 +00000-0 0  9997
2 41019 055.0308 154.4245 0029961 198.6402 161.3139 02.00563901014869
0 NAVSTAR 75 (USA 265)
1 41019U 15062A   17317.21776538  .00000076  00000-0  00000+0 0  9999
2 41019  55.0311 154.3650 0029995 198.6457 161.3116  2.00563916 14893
0 NAVSTAR 75 (USA 265)
1 41019U 15062A   17317.21776548 +.00000076 +00000-0 +00000-0 0  9991
2 41019 055.0311 154.3650 0030012 198.6284 161.3290 02.00563925014896
0 NAVSTAR 75 (USA 265)
1 41019U 15062A   17318.21492297  .00000081  00000-0  00000+0 0  9993
2 41019  55.0313 154.3254 0030033 198.6349 161.3239  2.00563927 14911
0 NAVSTAR 75 (USA 265)
1 41019U 15062A   17318.71350097 +.00000082 +00000-0 +00000-0 0  9991
2 41019 055.0314 154.3055 0030049 198.6313 161.3276 02.00563934014929
0 NAVSTAR 75 (USA 265)
1 41019U 15062A   17318.71350097  .00000082  00000-0  00000+0 0  9990
2 41019  55.0314 154.3055 0030049 198.6313 161.3276  2.00563934 14929
0 NAVSTAR 75 (USA 265)
1 41019U 15062A   17319.71065540 +.00000081 +00000-0 +00000-0 0  9997
2 41019 055.0317 154.2659 0030084 198.6168 161.3413 02.00563944014944
0 NAVSTAR 75 (USA 265)
1 41019U 15062A   17319.71065540  .00000081  00000-0  00000+0 0  9996
2 41019  55.0317 154.2660 0030102 198.5945 161.3636  2.00563956 14949
0 NAVSTAR 75 (USA 265)
1 41019U 15062A   17320.70780651 +.00000075 +00000-0 +00000-0 0  9998
2 41019 055.0319 154.2263 0030120 198.5993 161.3562 02.00563984014964
0 NAVSTAR 75 (USA 265)
1 41019U 15062A   17321.20638131  .00000072  00000-0  00000+0 0  9995
2 41019  55.0321 154.2065 0030136 198.5953 161.3583  2.00564000 14974
0 NAVSTAR 75 (USA 265)
1 41019U 15062A   17321.20638156 +.00000072 +00000-0 +00000-0 0  9993
2 41019 055.0321 154.2065 0030154 198.5724 161.3813 02.00564007014973
0 NAVSTAR 75 (USA 265)
1 41019U 15062A   17321.20638156  .00000072  00000-0  00000+0 0  9992
2 41019  55.0321 154.2065 0030154 198.5724 161.3813  2.00564007 14973
0 NAVSTAR 75 (USA 265)
1 41019U 15062A   17322.70210500 +.00000060 +00000-0 +00000-0 0  9995
2 41019 055.0324 154.1471 0030200 198.5578 161.3887 02.00564013015008
0 NAVSTAR 75 (USA 265)
1 41019U 15062A   17323.20067895  .00000056  00000-0  00000+0 0  9992
2 41019  55.0325 154.1273 0030213 198.5628 161.3811  2.00564015 15019
0 NAVSTAR 75 (USA 265)
1 41019U 15062A   17323.20067895 +.00000056 +00000-0 +00000-0 0  9993
2 41019 055.0325 154.1273 0030213 198.5628 161.3811 02.00564015015019
0 NAVSTAR 75 (USA 265)
1 41019U 15062A   17323.20067895  .00000056  00000-0  00000+0 0  9992
2 41019  55.0325 154.1273 0030213 198.5628 161.3811  2.00564015 15019
0 NAVSTAR 75 (USA 265)
1 41019U 15062A   17324.69640156 +.00000050 +00000-0 +00000-0 0  9998
2 41019 055.0329 154.0679 0030277 198.5531 161.3832 02.00564022015049
0 NAVSTAR 75 (USA 265)
1 41019U 15062A   17325.19497570  .00000050  00000-0  00000+0 0  9993
2 41019  55.0330 154.0481 0030296 198.5571 161.3769  2.00564036 15052
0 NAVSTAR 75 (USA 265)
1 41019U 15062A   17325.69355029 +.00000052 +00000-0 +00000-0 0  9993
2 41019 055.0331 154.0283 0030316 198.5548 161.3773 02.00564047015068
0 NAVSTAR 75 (USA 265)
1 41019U 15062A   17325.69355029  .00000052  00000-0  00000+0 0  9992
2 41019  55.0331 154.0283 0030316 198.5548 161.3773  2.00564047 15068
0 NAVSTAR 75 (USA 265)
1 41019U 15062A   17326.69070147  .00000057  00000-0  00000+0 0  9993
2 41019  55.0333 153.9887 0030360 198.5563 161.3729  2.00564047 15087
0 NAVSTAR 75 (USA 265)
1 41019U 15062A   17326.69070147 +.00000057 +00000-0 +00000-0 0  9994
2 41019 055.0333 153.9887 0030360 198.5563 161.3729 02.00564047015087
0 NAVSTAR 75 (USA 265)
1 41019U 15062A   17327.18927769 +.00000061 +00000-0 +00000-0 0  9995
2 41019 055.0335 153.9689 0030389 198.5527 161.3755 02.00564051015095
0 NAVSTAR 75 (USA 265)
1 41019U 15062A   17327.68785444 +.00000066 +00000-0 +00000-0 0  9997
2 41019 055.0336 153.9490 0030392 198.5612 161.3665 02.00564047015102
0 NAVSTAR 75 (USA 265)
1 41019U 15062A   17328.18643189 +.00000071 +00000-0 +00000-0 0  9998
2 41019 055.0337 153.9292 0030413 198.5533 161.3743 02.00564042015112
0 NAVSTAR 75 (USA 265)
1 41019U 15062A   17328.18643189  .00000071  00000-0  00000+0 0  9997
2 41019  55.0337 153.9292 0030413 198.5533 161.3743  2.00564042 15112
0 NAVSTAR 75 (USA 265)
1 41019U 15062A   17328.68500973 +.00000076 +00000-0 +00000-0 0  9991
2 41019 055.0338 153.9094 0030430 198.5516 161.3763 02.00564039015122
0 NAVSTAR 75 (USA 265)
1 41019U 15062A   17329.18358819  .00000082  00000-0  00000+0 0  9993
2 41019  55.0340 153.8896 0030450 198.5449 161.3835  2.00564029 15131
0 NAVSTAR 75 (USA 265)
1 41019U 15062A   17329.68216703 +.00000088 +00000-0 +00000-0 0  9990
2 41019 055.0341 153.8698 0030468 198.5421 161.3871 02.00564018015140
0 NAVSTAR 75 (USA 265)
1 41019U 15062A   17330.18074598  .00000093  00000-0  00000+0 0  9996
2 41019  55.0342 153.8500 0030496 198.5280 161.4021  2.00564014 15152
0 NAVSTAR 75 (USA 265)
1 41019U 15062A   17330.67932479 +.00000098 +00000-0 +00000-0 0  9997
2 41019 055.0344 153.8301 0030510 198.5294 161.4019 02.00564013015162
0 NAVSTAR 75 (USA 265)
1 41019U 15062A   17331.17790372  .00000103  00000-0  00000+0 0  9993
2 41019  55.0345 153.8103 0030534 198.5251 161.4072  2.00564010 15179
0 NAVSTAR 75 (USA 265)
1 41019U 15062A   17331.67648290 +.00000107 +00000-0 +00000-0 0  9994
2 41019 055.0346 153.7905 0030547 198.5225 161.4108 02.00563992015183
0 NAVSTAR 75 (USA 265)
1 41019U 15062A   17331.67648271  .00000107  00000-0  00000+0 0  9992
2 41019  55.0346 153.7905 0030562 198.5131 161.4201  2.00563993 15181
0 NAVSTAR 75 (USA 265)
1 41019U 15062A   17331.67648271  .00000107  00000-0  00000+0 0  9992
2 41019  55.0346 153.7905 0030562 198.5131 161.4201  2.00563993 15181
0 NAVSTAR 75 (USA 265)
1 41019U 15062A   17333.17221666 +.00000114 +00000-0 +00000-0 0  9993
2 41019 055.0350 153.7310 0030617 198.5246 161.4097 02.00563978015214
0 NAVSTAR 75 (USA 265)
1 41019U 15062A   17334.16937046  .00000112  00000-0  00000+0 0  9996
2 41019  55.0351 153.6914 0030641 198.5414 161.3914  2.00563940 15236
0 NAVSTAR 75 (USA 265)
1 41019U 15062A   17334.16937046  .00000112  00000-0  00000+0 0  9996
2 41019  55.0351 153.6914 0030641 198.5414 161.3914  2.00563940 15236
0 NAVSTAR 75 (USA 265)
1 41019U 15062A   17334.66794547 +.00000110 +00000-0 +00000-0 0  9997
2 41019 055.0353 153.6715 0030664 198.5454 161.3857 02.00563938015240
0 NAVSTAR 75 (USA 265)
1 41019U 15062A   17335.16651987  .00000107  00000-0  00000+0 0  9998
2 41019  55.0354 153.6517 0030678 198.5536 161.3751  2.00563931 15254
0 NAVSTAR 75 (USA 265)
1 41019U 15062A   17335.16651987  .00000107  00000-0  00000+0 0  9998
2 41019  55.0354 153.6517 0030678 198.5536 161.3751  2.00563931 15254
0 NAVSTAR 75 (USA 265)
1 41019U 15062A   17335.66509361 +.00000102 +00000-0 +00000-0 0  9997
2 41019 055.0355 153.6319 0030692 198.5598 161.3662 02.00563924015263
0 NAVSTAR 75 (USA 265)
1 41019U 15062A   17336.16366657  .00000097  00000-0  00000+0 0  9994
2 41019  55.0356 153.6121 0030712 198.5665 161.3560  2.00563917 15273
0 NAVSTAR 75 (USA 265)
1 41019U 15062A   17336.16366657 +.00000097 +00000-0 +00000-0 0  9995
2 41019 055.0356 153.6121 0030712 198.5665 161.3560 02.00563917015273
0 NAVSTAR 75 (USA 265)
1 41019U 15062A   17336.66223901 +.00000092 +00000-0 +00000-0 0  9999
2 41019 055.0357 153.5922 0030729 198.5722 161.3466 02.00563913015286
0 NAVSTAR 75 (USA 265)
1 41019U 15062A   17336.66223893  .00000092  00000-0  00000+0 0  9998
2 41019  55.0357 153.5922 0030746 198.5646 161.3542  2.00563905 15286
0 NAVSTAR 75 (USA 265)
1 41019U 15062A   17338.15795515  .00000074  00000-0  00000+0 0  9999
2 41019  55.0361 153.5327 0030797 198.5765 161.3303  2.00563897 15317
0 NAVSTAR 75 (USA 265)
1 41019U 15062A   17338.65652787  .00000069  00000-0  00000+0 0  9991
2 41019  55.0362 153.5129 0030810 198.5859 161.3172  2.00563890 15326
0 NAVSTAR 75 (USA 265)
1 41019U 15062A   17339.65367390 +.00000062 +00000-0 +00000-0 0  9999
2 41019 055.0365 153.4733 0030837 198.6013 161.2955 02.00563906015349
0 NAVSTAR 75 (USA 265)
1 41019U 15062A   17339.65367379  .00000062  00000-0  00000+0 0  9995
2 41019  55.0365 153.4733 0030845 198.5925 161.3043  2.00563911 15344
0 NAVSTAR 75 (USA 265)
1 41019U 15062A   17340.65082417 +.00000059 +00000-0 +00000-0 0  9991
2 41019 055.0368 153.4336 0030882 198.5872 161.3056 02.00563891015361
0 NAVSTAR 75 (USA 265)
1 41019U 15062A   17340.65082417  .00000059  00000-0  00000+0 0  9990
2 41019  55.0368 153.4336 0030882 198.5872 161.3056  2.00563891 15361
0 NAVSTAR 75 (USA 265)
1 41019U 15062A   17340.65082363 +.00000059 +00000-0 +00000-0 0  9991
2 41019 055.0368 153.4336 0030880 198.5996 161.2931 02.00563910015369
0 NAVSTAR 75 (USA 265)
1 41019U 15062A   17341.64797732 +.00000061 +00000-0 +00000-0 0  9997
2 41019 055.0370 153.3940 0030910 198.6022 161.2890 02.00563900015382
0 NAVSTAR 75 (USA 265)
1 41019U 15062A   17341.64797732  .00000061  00000-0  00000+0 0  9996
2 41019  55.0370 153.3940 0030910 198.6022 161.2890  2.00563900 15382
0 NAVSTAR 75 (USA 265)
1 41019U 15062A   17342.14655496 +.00000064 +00000-0 +00000-0 0  9996
2 41019 055.0372 153.3741 0030936 198.6072 161.2839 02.00563905015395
0 NAVSTAR 75 (USA 265)
1 41019U 15062A   17342.64513314 +.00000067 +00000-0 +00000-0 0  9996
2 41019 055.0373 153.3543 0030938 198.6218 161.2697 02.00563909015408
0 NAVSTAR 75 (USA 265)
1 41019U 15062A   17343.14371130  .00000071  00000-0  00000+0 0  9994
2 41019  55.0374 153.3345 0030956 198.6317 161.2605  2.00563930 15413
0 NAVSTAR 75 (USA 265)
1 41019U 15062A   17343.14371116 +.00000071 +00000-0 +00000-0 0  9999
2 41019 055.0374 153.3345 0030974 198.6282 161.2639 02.00563940015412
0 NAVSTAR 75 (USA 265)
1 41019U 15062A   17344.14086924 +.00000078 +00000-0 +00000-0 0  9997
2 41019 055.0377 153.2949 0031011 198.6503 161.2434 02.00563940015438
0 NAVSTAR 75 (USA 265)
1 41019U 15062A   17344.14086887  .00000078  00000-0  00000+0 0  9994
2 41019  55.0377 153.2949 0030997 198.6549 161.2389  2.00563946 15435
0 NAVSTAR 75 (USA 265)
1 41019U 15062A   17345.13802553  .00000082  00000-0  00000+0 0  9995
2 41019  55.0379 153.2552 0031029 198.6752 161.2198  2.00563975 15452
0 NAVSTAR 75 (USA 265)
1 41019U 15062A   17345.63660417 +.00000083 +00000-0 +00000-0 0  9993
2 41019 055.0380 153.2354 0031045 198.6853 161.2100 02.00563959015460
0 NAVSTAR 75 (USA 265)
1 41019U 15062A   17345.63660417  .00000083  00000-0  00000+0 0  9992
2 41019  55.0380 153.2354 0031045 198.6853 161.2100  2.00563959 15460
0 NAVSTAR 75 (USA 265)
1 41019U 15062A   17347.13233409  .00000079  00000-0  00000+0 0  9991
2 41019  55.0383 153.1760 0031098 198.7094 161.1840  2.00564000 15490
0 NAVSTAR 75 (USA 265)
1 41019U 15062A   17347.13233401 +.00000079 +00000-0 +00000-0 0  9994
2 41019 055.0384 153.1760 0031114 198.7026 161.1908 02.00564012015493
0 NAVSTAR 75 (USA 265)
1 41019U 15062A   17348.12948502  .00000071  00000-0  00000+0 0  9990
2 41019  55.0386 153.1363 0031148 198.7211 161.1692  2.00564016 15514
0 NAVSTAR 75 (USA 265)
1 41019U 15062A   17348.62805996 +.00000066 +00000-0 +00000-0 0  9999
2 41019 055.0387 153.1165 0031167 198.7233 161.1649 02.00564016015523
0 NAVSTAR 75 (USA 265)
1 41019U 15062A   17349.12663442  .00000061  00000-0  00000+0 0  9997
2 41019  55.0388 153.0967 0031185 198.7279 161.1579  2.00564018 15538
0 NAVSTAR 75 (USA 265)
1 41019U 15062A   17349.62520809 +.00000056 +00000-0 +00000-0 0  9996
2 41019 055.0389 153.0769 0031196 198.7429 161.1404 02.00564029015548
0 NAVSTAR 75 (USA 265)
1 41019U 15062A   17350.12378192  .00000051  00000-0  00000+0 0  9993
2 41019  55.0390 153.0571 0031228 198.7446 161.1360  2.00564047 15558
0 NAVSTAR 75 (USA 265)
1 41019U 15062A   17350.62235637 +.00000047 +00000-0 +00000-0 0  9990
2 41019 055.0391 153.0373 0031250 198.7525 161.1254 02.00564032015569
0 NAVSTAR 75 (USA 265)
1 41019U 15062A   17351.12092937  .00000043  00000-0  00000+0 0  9995
2 41019  55.0392 153.0175 0031274 198.7793 161.0959  2.00564056 15571
0 NAVSTAR 75 (USA 265)
1 41019U 15062A   17351.61950375 +.00000041 +00000-0 +00000-0 0  9997
2 41019 055.0394 152.9977 0031308 198.7955 161.0771 02.00564055015581
0 NAVSTAR 75 (USA 265)
1 41019U 15062A   17352.11807825  .00000039  00000-0  00000+0 0  9990
2 41019  55.0395 152.9779 0031330 198.8131 161.0572  2.00564052 15591
0 NAVSTAR 75 (USA 265)
1 41019U 15062A   17352.61665288 +.00000039 +00000-0 +00000-0 0  9991
2 41019 055.0396 152.9581 0031339 198.8308 161.0375 02.00564051015600
0 NAVSTAR 75 (USA 265)
1 41019U 15062A   17353.11522713  .00000039  00000-0  00000+0 0  9991
2 41019  55.0397 152.9383 0031373 198.8484 161.0180  2.00564086 15617
0 NAVSTAR 75 (USA 265)
1 41019U 15062A   17353.61380328 +.00000041 +00000-0 +00000-0 0  9994
2 41019 055.0398 152.9185 0031376 198.8580 161.0071 02.00564065015625
0 NAVSTAR 75 (USA 265)
1 41019U 15062A   17353.61380328  .00000041  00000-0  00000+0 0  9993
2 41019  55.0398 152.9185 0031376 198.8580 161.0071  2.00564065 15625
0 NAVSTAR 75 (USA 265)
1 41019U 15062A   17355.10953318  .00000051  00000-0  00000+0 0  9995
2 41019  55.0400 152.8591 0031446 198.9183 160.9449  2.00564059 15650
0 NAVSTAR 75 (USA 265)
1 41019U 15062A   17355.60811094 +.00000056 +00000-0 +00000-0 0  9990
2 41019 055.0402 152.8393 0031474 198.9379 160.9254 02.00564057015663
0 NAVSTAR 75 (USA 265)
1 41019U 15062A   17356.10668960  .00000061  00000-0  00000+0 0  9993
2 41019  55.0403 152.8195 0031494 198.9483 160.9156  2.00564039 15674
0 NAVSTAR 75 (USA 265)
1 41019U 15062A   17356.60526732 +.00000066 +00000-0 +00000-0 0  9994
2 41019 055.0404 152.7997 0031513 198.9671 160.8976 02.00564065015684
0 NAVSTAR 75 (USA 265)
1 41019U 15062A   17357.10384631  .00000071  00000-0  00000+0 0  9995
2 41019  55.0405 152.7799 0031520 198.9770 160.8888  2.00564059 15699
0 NAVSTAR 75 (USA 265)
1 41019U 15062A   17357.60242636 +.00000076 +00000-0 +00000-0 0  9994
2 41019 055.0406 152.7601 0031536 198.9875 160.8796 02.00564028015701
0 NAVSTAR 75 (USA 265)
1 41019U 15062A   17358.10100530  .00000080  00000-0  00000+0 0  9990
2 41019  55.0407 152.7403 0031569 199.0064 160.8620  2.00564033 15713
0 NAVSTAR 75 (USA 265)
1 41019U 15062A   17358.59958504 +.00000084 +00000-0 +00000-0 0  9990
2 41019 055.0408 152.7204 0031574 199.0149 160.8549 02.00564015015724
0 NAVSTAR 75 (USA 265)
1 41019U 15062A   17359.09816435  .00000087  00000-0  00000+0 0  9994
2 41019  55.0410 152.7007 0031604 199.0337 160.8373  2.00564001 15732
0 NAVSTAR 75 (USA 265)
1 41019U 15062A   17359.59674279 +.00000089 +00000-0 +00000-0 0  9990
2 41019 055.0411 152.6808 0031613 199.0478 160.8241 02.00564008015749
0 NAVSTAR 75 (USA 265)
1 41019U 15062A   17360.09532148  .00000090  00000-0  00000+0 0  9996
2 41019  55.0412 152.6610 0031634 199.0671 160.8055  2.00563989 15750
0 NAVSTAR 75 (USA 265)
1 41019U 15062A   17360.09532148 +.00000090 +00000-0 +00000-0 0  9997
2 41019 055.0412 152.6610 0031634 199.0671 160.8055 02.00563989015750
0 NAVSTAR 75 (USA 265)
1 41019U 15062A   17360.59389899 +.00000090 +00000-0 +00000-0 0  9995
2 41019 055.0413 152.6412 0031649 199.0827 160.7900 02.00563993015764
0 NAVSTAR 75 (USA 265)
1 41019U 15062A   17361.09247581  .00000089  00000-0  00000+0 0  9999
2 41019  55.0413 152.6214 0031670 199.1072 160.7652  2.00563991 15774
0 NAVSTAR 75 (USA 265)
1 41019U 15062A   17361.59105304 +.00000087 +00000-0 +00000-0 0  9999
2 41019 055.0414 152.6016 0031695 199.1392 160.7322 02.00563948015784
0 NAVSTAR 75 (USA 265)
1 41019U 15062A   17362.08962823  .00000084  00000-0  00000+0 0  9997
2 41019  55.0415 152.5818 0031715 199.1628 160.7072  2.00563950 15795
0 NAVSTAR 75 (USA 265)
1 41019U 15062A   17362.58820370 +.00000080 +00000-0 +00000-0 0  9999
2 41019 055.0416 152.5619 0031726 199.1798 160.6882 02.00563924015806
0 NAVSTAR 75 (USA 265)
1 41019U 15062A   17363.08677750  .00000075  00000-0  00000+0 0  9990
2 41019  55.0417 152.5421 0031749 199.2175 160.6478  2.00563920 15811
0 NAVSTAR 75 (USA 265)
1 41019U 15062A   17363.58535067 +.00000069 +00000-0 +00000-0 0  9993
2 41019 055.0418 152.5223 0031765 199.2387 160.6237 02.00563924015823
0 NAVSTAR 75 (USA 265)
1 41019U 15062A   17364.08392375  .00000063  00000-0  00000+0 0  9995
2 41019  55.0419 152.5024 0031789 199.2563 160.6028  2.00563909 15837
0 NAVSTAR 75 (USA 265)
1 41019U 15062A   17364.58249700 +.00000056 +00000-0 +00000-0 0  9996
2 41019 055.0420 152.4826 0031798 199.2759 160.5797 02.00563894015841
